0	6.65125E-4
1	7.3160483119E-4
2	8.0474189515E-4
3	8.8518701116E-4
4	9.7368219408E-4
5	1.0710077403E-3
6	1.1780388834E-3
7	1.2957559537E-3
8	1.425227091E-3
9	1.5676677178E-3
10	1.724320022E-3
11	1.8966210589E-3
12	2.086191819E-3
13	2.2947299078E-3
14	2.5240368412E-3
15	2.7762507333E-3
16	3.0539082952E-3
17	3.3593443768E-3
18	3.6953073672E-3
19	4.0648189438E-3
20	4.4713015971E-3
21	4.9183943151E-3
22	5.4102195937E-3
23	5.9512801425E-3
24	6.5464670197E-3
25	7.2010301002E-3
26	7.9210214631E-3
27	8.7130775774E-3
28	9.5844469328E-3
29	1.0542944306E-2
30	1.1597192819E-2
31	1.2756958874E-2
32	1.4032512372E-2
33	1.5435775338E-2
34	1.6979181472E-2
35	1.867703053E-2
36	2.0544793667E-2
37	2.2598952884E-2
38	2.4858852414E-2
39	2.7344796836E-2
40	3.0079554498E-2
41	3.30878901E-2
42	3.6396439144E-2
43	4.0035860469E-2
44	4.3937991204E-2
45	4.5755893622E-2
46	4.7009633134E-2
47	4.8036281747E-2
48	4.892584523E-2
49	4.9720734334E-2
50	5.0449906825E-2
51	5.112975317E-2
52	5.1775010862E-2
53	5.2388935357E-2
54	5.2975322654E-2
55	5.3542000855E-2
56	5.4095632263E-2
57	5.4634537419E-2
58	5.5157782514E-2
59	5.5666570076E-2
60	5.6166511787E-2
61	5.6660051271E-2
62	5.714381606E-2
63	5.7621962099E-2
64	5.8096537293E-2
65	5.856083038E-2
66	5.9017849495E-2
67	5.9468753719E-2
68	5.9915508165E-2
69	6.0357715376E-2
70	6.0797798262E-2
71	6.1236992406E-2
72	6.1672283547E-2
73	6.209875131E-2
74	6.2521213219E-2
75	6.2940909069E-2
76	6.3357606517E-2
77	6.3772308083E-2
78	6.4185535418E-2
79	6.4596506645E-2
80	6.5006303759E-2
81	6.5411772856E-2
82	6.5814081778E-2
83	6.6213974078E-2
84	6.6609900154E-2
85	6.7004240934E-2
86	6.7397402157E-2
87	6.7789751468E-2
88	6.8181277187E-2
89	6.8573526996E-2
90	6.896204684E-2
91	6.9346437963E-2
92	6.972725468E-2
93	7.0107006499E-2
94	7.0486394013E-2
95	7.0865592157E-2
96	7.1243957778E-2
97	7.1621461114E-2
98	7.1999319875E-2
99	7.2374819308E-2
100	7.2746341543E-2
101	7.3115839821E-2
102	7.3485592841E-2
103	7.3854294556E-2
104	7.4220571494E-2
105	7.4586880872E-2
106	7.4953405709E-2
107	7.5321175752E-2
108	7.5688584323E-2
109	7.6051883126E-2
110	7.6412553544E-2
111	7.6773080204E-2
112	7.7131220914E-2
113	7.7488820639E-2
114	7.7846826721E-2
115	7.82058638E-2
116	7.856563997E-2
117	7.8924387001E-2
118	7.9281699181E-2
119	7.9635756789E-2
120	7.9989309386E-2
121	8.0341046354E-2
122	8.069241666E-2
123	8.1044817424E-2
124	8.1396586676E-2
125	8.1747870326E-2
126	8.2099143869E-2
127	8.2451252582E-2
128	8.2802744428E-2
129	8.3151817322E-2
130	8.3499487045E-2
131	8.3844952479E-2
132	8.4190897482E-2
133	8.4537090922E-2
134	8.4882454783E-2
135	8.5228486473E-2
136	8.5575762392E-2
137	8.5924903388E-2
138	8.6271332635E-2
139	8.6613807502E-2
140	8.6955380395E-2
141	8.7296664605E-2
142	8.7639288157E-2
143	8.798063761E-2
144	8.8322603996E-2
145	8.8664656204E-2
146	8.9007633731E-2
147	8.9351529475E-2
148	8.9693313541E-2
149	9.003294244E-2
150	9.0372011856E-2
151	9.0711694579E-2
152	9.1050302772E-2
153	9.1387219941E-2
154	9.1724853982E-2
155	9.2063613434E-2
156	9.2403520822E-2
157	9.2743734058E-2
158	9.3084216123E-2
159	9.3422438867E-2
160	9.3759111775E-2
161	9.4094463277E-2
162	9.4429100408E-2
163	9.4763739158E-2
164	9.5099760574E-2
165	9.5436875459E-2
166	9.577370067E-2
167	9.6110829505E-2
168	9.6448343353E-2
169	9.6785402174E-2
170	9.712003913E-2
171	9.7453381456E-2
172	9.7786846428E-2
173	9.8120431066E-2
174	9.8454882488E-2
175	9.8788560289E-2
176	9.9121782071E-2
177	9.9456694021E-2
178	9.9792789592E-2
179	1.001293899E-1
180	1.0046383615E-1
181	1.0079653549E-1
182	1.01128129E-1
183	1.0145934705E-1
184	1.0179115914E-1
185	1.0212252648E-1
186	1.0245427729E-1
187	1.0278805092E-1
188	1.0312336258E-1
189	1.0345841506E-1
190	1.0379133732E-1
191	1.0412286186E-1
192	1.0445384232E-1
193	1.0478487616E-1
194	1.0511523339E-1
195	1.0544618316E-1
196	1.0577746867E-1
197	1.0610963338E-1
198	1.0644277446E-1
199	1.0677548785E-1
200	1.0710816559E-1
201	1.0744017082E-1
202	1.0777191737E-1
203	1.0810342359E-1
204	1.0843293029E-1
205	1.0876217187E-1
206	1.0909134641E-1
207	1.0942210167E-1
208	1.0975354468E-1
209	1.1008493718E-1
210	1.1041807722E-1
211	1.107510238E-1
212	1.1108309691E-1
213	1.1141372264E-1
214	1.1174200793E-1
215	1.1207069815E-1
216	1.1240001672E-1
217	1.1273054102E-1
218	1.1306165569E-1
219	1.1339254608E-1
220	1.1372386512E-1
221	1.1405633201E-1
222	1.1438859155E-1
223	1.1471885489E-1
224	1.1504868558E-1
225	1.153778671E-1
226	1.1570822943E-1
227	1.1603823119E-1
228	1.1636779557E-1
229	1.1669695403E-1
230	1.1702700425E-1
231	1.1735933062E-1
232	1.1769194036E-1
233	1.1802317295E-1
234	1.1835439231E-1
235	1.1868440105E-1
236	1.1901397027E-1
237	1.1934352513E-1
238	1.1967199371E-1
239	1.2000115877E-1
240	1.2033135167E-1
241	1.206636468E-1
242	1.2099705908E-1
243	1.2132854038E-1
244	1.2165906574E-1
245	1.2198975344E-1
246	1.2232068011E-1
247	1.2265076568E-1
248	1.2297983037E-1
249	1.2330980611E-1
250	1.2364019261E-1
251	1.2397118421E-1
252	1.2430304402E-1
253	1.246347814E-1
254	1.249658628E-1
255	1.2529769517E-1
256	1.2562991554E-1
257	1.2596159935E-1
258	1.2629241777E-1
259	1.2662206255E-1
260	1.269517837E-1
261	1.2728282189E-1
262	1.2761374269E-1
263	1.2794540053E-1
264	1.2827800632E-1
265	1.286114738E-1
266	1.2894486643E-1
267	1.2927647383E-1
268	1.2960725505E-1
269	1.2993776406E-1
270	1.3026864396E-1
271	1.3060030603E-1
272	1.309318161E-1
273	1.3126390683E-1
274	1.3159642087E-1
275	1.3192961531E-1
276	1.3226329572E-1
277	1.3259607956E-1
278	1.3292742534E-1
279	1.3325935422E-1
280	1.335917885E-1
281	1.3392531905E-1
282	1.3425753803E-1
283	1.3458911077E-1
284	1.3492080855E-1
285	1.3525351747E-1
286	1.3558825321E-1
287	1.3592254653E-1
288	1.3625577401E-1
289	1.3658910471E-1
290	1.3692254336E-1
291	1.3725588551E-1
292	1.3758864624E-1
293	1.3792093904E-1
294	1.3825304426E-1
295	1.3858638955E-1
296	1.38921342E-1
297	1.3925750096E-1
298	1.3959240188E-1
299	1.3992605855E-1
300	1.4025947594E-1
301	1.4059396124E-1
302	1.4092801523E-1
303	1.4126111679E-1
304	1.4159516956E-1
305	1.4192988104E-1
306	1.4226507838E-1
307	1.4260038315E-1
308	1.4293572901E-1
309	1.4327055264E-1
310	1.436053597E-1
311	1.4394070186E-1
312	1.4427714433E-1
313	1.446120942E-1
314	1.4494696974E-1
315	1.4528182316E-1
316	1.4561732102E-1
317	1.4595340342E-1
318	1.4628862776E-1
319	1.466247698E-1
320	1.4696181649E-1
321	1.4729940892E-1
322	1.4763661421E-1
323	1.479723384E-1
324	1.4830714527E-1
325	1.4864235973E-1
326	1.4897867701E-1
327	1.4931589118E-1
328	1.4965283779E-1
329	1.4999023352E-1
330	1.503284906E-1
331	1.5066688265E-1
332	1.5100497726E-1
333	1.5134200625E-1
334	1.5167810519E-1
335	1.5201451886E-1
336	1.5235225392E-1
337	1.5269131725E-1
338	1.5302944982E-1
339	1.533671807E-1
340	1.5370511234E-1
341	1.5404381558E-1
342	1.5438383436E-1
343	1.5472287671E-1
344	1.55061198E-1
345	1.5539969033E-1
346	1.5573863828E-1
347	1.5607788409E-1
348	1.5641658304E-1
349	1.5675465539E-1
350	1.57092953E-1
351	1.5743259685E-1
352	1.5777386523E-1
353	1.5811609539E-1
354	1.5845718778E-1
355	1.5879690229E-1
356	1.5913628746E-1
357	1.5947573638E-1
358	1.5981597843E-1
359	1.6015510203E-1
360	1.6049460376E-1
361	1.6083514357E-1
362	1.6117764749E-1
363	1.6152060479E-1
364	1.6186288724E-1
365	1.6220464429E-1
366	1.6254555735E-1
367	1.6288660967E-1
368	1.6322842477E-1
369	1.635701369E-1
370	1.6391125389E-1
371	1.6425291021E-1
372	1.6459503171E-1
373	1.6493767287E-1
374	1.6528076008E-1
375	1.6562376828E-1
376	1.6596704703E-1
377	1.6631090131E-1
378	1.6665511855E-1
379	1.669988236E-1
380	1.6734116007E-1
381	1.6768308167E-1
382	1.6802531819E-1
383	1.6836869194E-1
384	1.6871290685E-1
385	1.6905693051E-1
386	1.6940196344E-1
387	1.6974850609E-1
388	1.7009435079E-1
389	1.7043966654E-1
390	1.7078340871E-1
391	1.7112650541E-1
392	1.7146975357E-1
393	1.7181439801E-1
394	1.7216010754E-1
395	1.7250625407E-1
396	1.7285178963E-1
397	1.7319773178E-1
398	1.735447537E-1
399	1.7389188214E-1
400	1.7423878552E-1
401	1.7458432117E-1
402	1.7493002902E-1
403	1.752765527E-1
404	1.7562332392E-1
405	1.7597001854E-1
406	1.7631578197E-1
407	1.7666193829E-1
408	1.7700912859E-1
409	1.7735782313E-1
410	1.7770728237E-1
411	1.7805631268E-1
412	1.7840466664E-1
413	1.7875212643E-1
414	1.7909990786E-1
415	1.794473731E-1
416	1.7979502898E-1
417	1.8014214939E-1
418	1.8049012087E-1
419	1.8084014607E-1
420	1.8119131559E-1
421	1.815425899E-1
422	1.818926212E-1
423	1.8224183194E-1
424	1.8259054883E-1
425	1.8294008695E-1
426	1.8329003963E-1
427	1.836392023E-1
428	1.839891016E-1
429	1.8433985895E-1
430	1.846908523E-1
431	1.8504233103E-1
432	1.8539389545E-1
433	1.8574543321E-1
434	1.8609651132E-1
435	1.8644816181E-1
436	1.8680002805E-1
437	1.8715236536E-1
438	1.875033862E-1
439	1.8785408948E-1
440	1.8820534536E-1
441	1.8855745691E-1
442	1.8891033298E-1
443	1.8926357735E-1
444	1.8961756726E-1
445	1.8997215107E-1
446	1.9032607045E-1
447	1.9067923707E-1
448	1.9103195701E-1
449	1.9138405473E-1
450	1.9173635454E-1
451	1.9208972289E-1
452	1.924444075E-1
453	1.9279912169E-1
454	1.931546676E-1
455	1.9351071942E-1
456	1.9386597314E-1
457	1.9422061543E-1
458	1.9457533219E-1
459	1.9492979355E-1
460	1.9528420614E-1
461	1.9563928676E-1
462	1.9599543605E-1
463	1.9635213349E-1
464	1.9670794969E-1
465	1.9706378837E-1
466	1.9742069162E-1
467	1.9777805463E-1
468	1.9813515192E-1
469	1.9849169995E-1
470	1.9884904503E-1
471	1.992064376E-1
472	1.9956317064E-1
473	1.9991973321E-1
474	2.0027690216E-1
475	2.0063425157E-1
476	2.0099164556E-1
477	2.0135053387E-1
478	2.0171111818E-1
479	2.0207123396E-1
480	2.0243011857E-1
481	2.0278870298E-1
482	2.0314682178E-1
483	2.0350488601E-1
484	2.0386310932E-1
485	2.042221801E-1
486	2.0458144385E-1
487	2.0494200213E-1
488	2.0530340936E-1
489	2.0566517935E-1
490	2.0602629597E-1
491	2.0638657198E-1
492	2.0674650551E-1
493	2.0710637729E-1
494	2.0746711452E-1
495	2.0782810582E-1
496	2.0818979382E-1
497	2.0855127025E-1
498	2.0891258168E-1
499	2.0927422517E-1
500	2.096368709E-1
501	2.0999999658E-1
502	2.1036259115E-1
503	2.107252303E-1
504	2.1108820218E-1
505	2.1145159919E-1
506	2.1181430163E-1
507	2.1217701198E-1
508	2.125395807E-1
509	2.1290178581E-1
510	2.132654685E-1
511	2.136301066E-1
512	2.1399573812E-1
513	2.1436180054E-1
514	2.1472747135E-1
515	2.1509175937E-1
516	2.154556589E-1
517	2.1581962723E-1
518	2.161840092E-1
519	2.1654868079E-1
520	2.1691353422E-1
521	2.1727973775E-1
522	2.1764731337E-1
523	2.1801451398E-1
524	2.1838168477E-1
525	2.187479029E-1
526	2.1911385918E-1
527	2.1947961395E-1
528	2.1984565988E-1
529	2.2021252162E-1
530	2.2058053037E-1
531	2.2094795924E-1
532	2.2131549407E-1
533	2.2168342337E-1
534	2.2205170036E-1
535	2.2242046673E-1
536	2.2278893708E-1
537	2.2315803424E-1
538	2.2352653725E-1
539	2.2389596732E-1
540	2.2426503802E-1
541	2.2463381186E-1
542	2.2500186503E-1
543	2.2537058107E-1
544	2.2574029156E-1
545	2.2611061037E-1
546	2.2648159249E-1
547	2.2685356117E-1
548	2.2722564629E-1
549	2.2759624826E-1
550	2.2796645931E-1
551	2.283361921E-1
552	2.2870587022E-1
553	2.290763385E-1
554	2.2944716794E-1
555	2.2981937108E-1
556	2.3019297862E-1
557	2.3056674577E-1
558	2.3093993454E-1
559	2.3131254823E-1
560	2.3168488573E-1
561	2.3205712506E-1
562	2.3242882077E-1
563	2.3280088476E-1
564	2.3317396288E-1
565	2.3354784352E-1
566	2.3392188514E-1
567	2.3429628312E-1
568	2.3467031545E-1
569	2.3504503883E-1
570	2.3542047278E-1
571	2.357955081E-1
572	2.3617052763E-1
573	2.3654593638E-1
574	2.3692137303E-1
575	2.3729547985E-1
576	2.3766947705E-1
577	2.3804438136E-1
578	2.3841969599E-1
579	2.3879529925E-1
580	2.3917270676E-1
581	2.3955139859E-1
582	2.3993007558E-1
583	2.4030805697E-1
584	2.4068496956E-1
585	2.4106110794E-1
586	2.4143650876E-1
587	2.4181237356E-1
588	2.4218884775E-1
589	2.4256652125E-1
590	2.4294499498E-1
591	2.4332502279E-1
592	2.4370543146E-1
593	2.4408560884E-1
594	2.4446493213E-1
595	2.4484372017E-1
596	2.4522226356E-1
597	2.4560062116E-1
598	2.4597900331E-1
599	2.4635817719E-1
600	2.4673855374E-1
601	2.4711829925E-1
602	2.4749806569E-1
603	2.478786141E-1
604	2.4826031319E-1
605	2.4864187268E-1
606	2.4902387452E-1
607	2.4940628872E-1
608	2.4978856298E-1
609	2.5017035483E-1
610	2.5055059037E-1
611	2.5093092526E-1
612	2.5131190722E-1
613	2.5169320812E-1
614	2.5207559394E-1
615	2.5245908486E-1
616	2.5284377506E-1
617	2.5322902259E-1
618	2.5361454131E-1
619	2.5399866621E-1
620	2.5438147959E-1
621	2.5476371722E-1
622	2.5514626422E-1
623	2.555295125E-1
624	2.5591354635E-1
625	2.5629816081E-1
626	2.5668456135E-1
627	2.5707071872E-1
628	2.5745683532E-1
629	2.5784287722E-1
630	2.5822866936E-1
631	2.586139585E-1
632	2.5899968825E-1
633	2.5938596126E-1
634	2.5977263492E-1
635	2.6015982089E-1
636	2.6054590266E-1
637	2.6093195143E-1
638	2.6131868011E-1
639	2.6170656604E-1
640	2.6209473239E-1
641	2.6248268229E-1
642	2.628706464E-1
643	2.6325977744E-1
644	2.6364988753E-1
645	2.640385073E-1
646	2.6442611397E-1
647	2.6481335605E-1
648	2.6520050517E-1
649	2.6558911716E-1
650	2.6597955754E-1
651	2.6637072912E-1
652	2.6676200066E-1
653	2.6715244601E-1
654	2.6754193985E-1
655	2.6793205765E-1
656	2.6832314875E-1
657	2.6871380562E-1
658	2.6910356814E-1
659	2.6949376913E-1
660	2.6988529271E-1
661	2.7027865327E-1
662	2.7067209945E-1
663	2.7106426109E-1
664	2.7145519707E-1
665	2.7184576309E-1
666	2.722377049E-1
667	2.7263042662E-1
668	2.7302371864E-1
669	2.7341791212E-1
670	2.7381262584E-1
671	2.7420657098E-1
672	2.7459989695E-1
673	2.7499358381E-1
674	2.7538782946E-1
675	2.7578133373E-1
676	2.7617480853E-1
677	2.765693726E-1
678	2.7696501754E-1
679	2.773611517E-1
680	2.7775616764E-1
681	2.7815147712E-1
682	2.7854744546E-1
683	2.7894337709E-1
684	2.793388741E-1
685	2.7973532015E-1
686	2.8013282608E-1
687	2.8053011103E-1
688	2.8092759242E-1
689	2.8132419154E-1
690	2.8171958621E-1
691	2.8211536618E-1
692	2.8251179186E-1
693	2.8290990082E-1
694	2.8330885163E-1
695	2.8370814007E-1
696	2.8410852109E-1
697	2.8450924208E-1
698	2.8490865213E-1
699	2.8530690563E-1
700	2.8570456812E-1
701	2.8610168769E-1
702	2.8649919318E-1
703	2.8689821322E-1
704	2.87298919E-1
705	2.8770049809E-1
706	2.8810238437E-1
707	2.8850392342E-1
708	2.8890531761E-1
709	2.893071552E-1
710	2.8970860358E-1
711	2.9010901099E-1
712	2.9050873398E-1
713	2.909093519E-1
714	2.9131174006E-1
715	2.9171437742E-1
716	2.9211582913E-1
717	2.9251742931E-1
718	2.9292002239E-1
719	2.9332361868E-1
720	2.9372847566E-1
721	2.9413420656E-1
722	2.9453904339E-1
723	2.9494308111E-1
724	2.9534580289E-1
725	2.9574821956E-1
726	2.9615130078E-1
727	2.9655459032E-1
728	2.9695758565E-1
729	2.973613637E-1
730	2.9776754593E-1
731	2.9817548165E-1
732	2.9858462083E-1
733	2.9899261743E-1
734	2.9939863763E-1
735	2.9980321094E-1
736	3.0020771753E-1
737	3.0061257512E-1
738	3.0101792663E-1
739	3.0142359176E-1
740	3.0183040465E-1
741	3.0223866522E-1
742	3.0264759349E-1
743	3.0305634234E-1
744	3.0346599365E-1
745	3.0387498248E-1
746	3.0428327001E-1
747	3.046913799E-1
748	3.05099514E-1
749	3.0550779923E-1
750	3.0591627208E-1
751	3.0632436625E-1
752	3.0673204996E-1
753	3.0714096632E-1
754	3.0755095909E-1
755	3.0796213255E-1
756	3.0837457956E-1
757	3.0878732381E-1
758	3.0919973302E-1
759	3.0961138617E-1
760	3.1002175088E-1
761	3.1043080606E-1
762	3.108400245E-1
763	3.1124975506E-1
764	3.1166071184E-1
765	3.120727166E-1
766	3.12485691E-1
767	3.1290089401E-1
768	3.1331675171E-1
769	3.1373114696E-1
770	3.1414424393E-1
771	3.1455651502E-1
772	3.1496839693E-1
773	3.153806033E-1
774	3.1579352878E-1
775	3.1620724554E-1
776	3.166219486E-1
777	3.1703668047E-1
778	3.1745192027E-1
779	3.1786778692E-1
780	3.18283689E-1
781	3.1869988666E-1
782	3.1911611936E-1
783	3.1953155188E-1
784	3.1994733625E-1
785	3.2036348151E-1
786	3.2077934649E-1
787	3.211949912E-1
788	3.2160994967E-1
789	3.2202580251E-1
790	3.2244285826E-1
791	3.2286147183E-1
792	3.2328069948E-1
793	3.2370032474E-1
794	3.2412006047E-1
795	3.2453854868E-1
796	3.2495601192E-1
797	3.2537312414E-1
798	3.2579023146E-1
799	3.262072854E-1
800	3.2662525605E-1
801	3.2704514389E-1
802	3.2746618058E-1
803	3.2788827977E-1
804	3.2830969538E-1
805	3.2873092807E-1
806	3.2915090271E-1
807	3.2957036337E-1
808	3.299901187E-1
809	3.3041023362E-1
810	3.3083097485E-1
811	3.3125234874E-1
812	3.3167437384E-1
813	3.3209669004E-1
814	3.3251929269E-1
815	3.3294159793E-1
816	3.3336396455E-1
817	3.3378652708E-1
818	3.3420956735E-1
819	3.3463336231E-1
820	3.350576131E-1
821	3.3548138646E-1
822	3.3590448883E-1
823	3.3632694513E-1
824	3.367497168E-1
825	3.3717310703E-1
826	3.3759765714E-1
827	3.3802269827E-1
828	3.3844844483E-1
829	3.3887517414E-1
830	3.3930215471E-1
831	3.3972845037E-1
832	3.4015340107E-1
833	3.4057755401E-1
834	3.410016105E-1
835	3.4142653431E-1
836	3.4185270718E-1
837	3.4228009583E-1
838	3.4270931702E-1
839	3.4313806444E-1
840	3.4356548106E-1
841	3.4399281116E-1
842	3.4442011278E-1
843	3.4484705221E-1
844	3.4527354357E-1
845	3.4570071074E-1
846	3.4612929468E-1
847	3.4655931172E-1
848	3.4698979726E-1
849	3.474196635E-1
850	3.4784940922E-1
851	3.4827835841E-1
852	3.4870670611E-1
853	3.4913573032E-1
854	3.4956504832E-1
855	3.4999498941E-1
856	3.5042651605E-1
857	3.5085854179E-1
858	3.5129015552E-1
859	3.5172109109E-1
860	3.5215144311E-1
861	3.5258220985E-1
862	3.5301372175E-1
863	3.5344552728E-1
864	3.5387775436E-1
865	3.543110054E-1
866	3.547439281E-1
867	3.5517677215E-1
868	3.5560983528E-1
869	3.5604272959E-1
870	3.5647519324E-1
871	3.5690703897E-1
872	3.5734009066E-1
873	3.5777481771E-1
874	3.5821153146E-1
875	3.5864774801E-1
876	3.5908268262E-1
877	3.5951702759E-1
878	3.5995065788E-1
879	3.6038456072E-1
880	3.6081942091E-1
881	3.612540272E-1
882	3.6168961697E-1
883	3.6212633842E-1
884	3.6256388453E-1
885	3.6300223794E-1
886	3.6344005054E-1
887	3.6387692714E-1
888	3.6431267711E-1
889	3.6474805105E-1
890	3.6518421958E-1
891	3.6562144968E-1
892	3.6605968224E-1
893	3.6649796569E-1
894	3.6693649028E-1
895	3.673752846E-1
896	3.6781456508E-1
897	3.6825397288E-1
898	3.6869297341E-1
899	3.6913145678E-1
900	3.6957046943E-1
901	3.7001057694E-1
902	3.7045090825E-1
903	3.7089055448E-1
904	3.7132999835E-1
905	3.7176966702E-1
906	3.7221023965E-1
907	3.7265149653E-1
908	3.7309279073E-1
909	3.7353495606E-1
910	3.7397775265E-1
911	3.7442014125E-1
912	3.748619374E-1
913	3.7530345602E-1
914	3.7574461139E-1
915	3.761848681E-1
916	3.7662579917E-1
917	3.770684319E-1
918	3.7751254654E-1
919	3.7795729249E-1
920	3.7840203904E-1
921	3.7884724304E-1
922	3.7929208693E-1
923	3.7973596259E-1
924	3.8017909282E-1
925	3.8062202844E-1
926	3.8106478132E-1
927	3.8150810883E-1
928	3.8195331649E-1
929	3.8239938344E-1
930	3.828456741E-1
931	3.8329179748E-1
932	3.8373840615E-1
933	3.8418557672E-1
934	3.8463267182E-1
935	3.8507880697E-1
936	3.8552472237E-1
937	3.8597113471E-1
938	3.8641754096E-1
939	3.8686404367E-1
940	3.8731076819E-1
941	3.8775741478E-1
942	3.8820466221E-1
943	3.8865261094E-1
944	3.8910194229E-1
945	3.8955260843E-1
946	3.9000331247E-1
947	3.9045281617E-1
948	3.9090168467E-1
949	3.9135005447E-1
950	3.9179793362E-1
951	3.9224596026E-1
952	3.9269431014E-1
953	3.9314284496E-1
954	3.9359247189E-1
955	3.9404430009E-1
956	3.9449724083E-1
957	3.9495046741E-1
958	3.9540288696E-1
959	3.9585427562E-1
960	3.9630482768E-1
961	3.9675527007E-1
962	3.9720583156E-1
963	3.976567384E-1
964	3.9810784231E-1
965	3.9855923364E-1
966	3.9901150243E-1
967	3.9946526233E-1
968	3.9991934606E-1
969	4.00374213E-1
970	4.0082875309E-1
971	4.0128262914E-1
972	4.0173621163E-1
973	4.0219000265E-1
974	4.0264355834E-1
975	4.0309685171E-1
976	4.0355013402E-1
977	4.0400365284E-1
978	4.0445768638E-1
979	4.0491297777E-1
980	4.0536933871E-1
981	4.058268248E-1
982	4.0628488532E-1
983	4.0674152267E-1
984	4.0719732712E-1
985	4.0765260343E-1
986	4.0810795578E-1
987	4.0856319745E-1
988	4.0901885644E-1
989	4.0947498345E-1
990	4.0993244372E-1
991	4.1039069895E-1
992	4.1084927446E-1
993	4.1130909664E-1
994	4.1176885688E-1
995	4.1222714071E-1
996	4.1268472431E-1
997	4.1314229548E-1
998	4.1360012856E-1
999	4.1405844708E-1
1000	4.1451740953E-1
