,cycle,conc_mmol
0,5,1.034455266e-05
1,10,2.3285987897e-05
2,15,4.3664723669e-05
3,20,6.9855747648e-05
4,25,0.0001045896028
5,30,0.00013248149337
6,35,0.00016791131971
7,40,0.0002145110571
8,45,0.0002477334233
9,50,0.00029257608278
10,55,0.00035594338148
11,60,0.000433685134
12,65,0.00052325757077
13,70,0.00061569203654
14,75,0.00072804813819
15,80,0.00086220981554
16,85,0.0010194795157
17,90,0.0012039141719
18,95,0.0014205561765
19,100,0.0016732371016
20,105,0.0019645032104
21,110,0.0023110395868
22,115,0.0027213302474
23,120,0.0032195269694
24,125,0.0038099122638
25,130,0.0044825771845
26,135,0.0052730387088
27,140,0.0062163012782
28,145,0.0073185522236
29,150,0.0085877734281
30,155,0.010081743155
31,160,0.011857267757
32,165,0.013916519757
33,170,0.016304761604
34,175,0.019058360473
35,180,0.022341077294
36,185,0.026286525948
37,190,0.030775161411
38,195,0.035882305719
39,200,0.033115666119
40,205,0.027047263751
41,210,0.0206611846
42,215,0.013933993892
43,220,0.0068184089699
44,225,1.3375189976e-05
45,230,1.1072020493e-14
46,235,3.3735033418e-80
47,240,5.6902623987e-160
48,245,9.598059608900001e-240
49,250,1.61895e-319
