0	6.65125E-3	6.65125E-3
1	6.8367599253E-3	6.8371717025E-3
2	7.0274313514E-3	7.027796588E-3
3	7.2239419497E-3	7.2244642176E-3
4	7.4253990895E-3	7.4256404119E-3
5	7.6332170458E-3	7.6339830371E-3
6	7.846238837E-3	7.84727863E-3
7	8.064646185E-3	8.0661434266E-3
8	8.2904276072E-3	8.2919574681E-3
9	8.5222958435E-3	8.523135508E-3
10	8.7607291135E-3	8.7611573875E-3
11	9.0055913296E-3	9.0060086104E-3
12	9.2568909917E-3	9.2577522903E-3
13	9.5161425485E-3	9.5175048867E-3
14	9.7814584623E-3	9.7830276647E-3
15	1.0055417329E-2	1.0056830564E-2
16	1.0336320787E-2	1.033773661E-2
17	1.0625540263E-2	1.062676847E-2
18	1.0922760968E-2	1.0923689237E-2
19	1.1227729245E-2	1.1228870787E-2
20	1.1541165758E-2	1.1542262689E-2
21	1.1863736406E-2	1.18652501E-2
22	1.2195335084E-2	1.2196257978E-2
23	1.2536402518E-2	1.2537369158E-2
24	1.2886868417E-2	1.288725264E-2
25	1.3247662888E-2	1.3247947425E-2
26	1.3618159319E-2	1.3618931498E-2
27	1.3998991697E-2	1.3999609136E-2
28	1.4390002935E-2	1.4390615444E-2
29	1.4792672232E-2	1.4794311906E-2
30	1.5205561081E-2	1.5207435393E-2
31	1.5631232634E-2	1.5633670495E-2
32	1.6068028363E-2	1.6070132353E-2
33	1.6516872633E-2	1.6518813286E-2
34	1.6977811257E-2	1.6980372431E-2
35	1.7452637676E-2	1.7454652549E-2
36	1.7940390228E-2	1.7942561469E-2
37	1.8441831826E-2	1.8443728287E-2
38	1.8957284371E-2	1.8959264866E-2
39	1.9485960056E-2	1.9487432712E-2
40	1.9998712479E-2	1.9999682202E-2
41	2.0487325257E-2	2.0489260854E-2
42	2.0957982685E-2	2.0960296319E-2
43	2.1415095847E-2	2.1417808605E-2
44	2.1861276776E-2	2.18632885E-2
45	2.2297064576E-2	2.2298516318E-2
46	2.2725021654E-2	2.2726882089E-2
47	2.3146292845E-2	2.3147766738E-2
48	2.3560406292E-2	2.3562678451E-2
49	2.396993014E-2	2.3972253679E-2
50	2.4374222817E-2	2.4376783803E-2
51	2.4776340185E-2	2.4779209933E-2
52	2.5174829908E-2	2.5178027222E-2
53	2.5570639761E-2	2.5573435846E-2
54	2.5964336099E-2	2.5966707601E-2
55	2.6355752126E-2	2.6357748612E-2
56	2.6746099141E-2	2.6748425692E-2
57	2.7134128763E-2	2.7137263465E-2
58	2.7521460584E-2	2.7524219325E-2
59	2.7908476417E-2	2.7911152973E-2
60	2.8294803719E-2	2.8297812164E-2
61	2.8679517768E-2	2.8682926337E-2
62	2.9063505831E-2	2.9067588225E-2
63	2.9448413446E-2	2.9452657139E-2
64	2.9833693007E-2	2.9837759326E-2
65	3.0218475409E-2	3.0222975692E-2
66	3.0604283993E-2	3.06089077E-2
67	3.0990726657E-2	3.0995354216E-2
68	3.1377776312E-2	3.138248019E-2
69	3.1765141107E-2	3.1769821675E-2
70	3.2150480039E-2	3.2155165097E-2
71	3.2527104754E-2	3.2532373791E-2
72	3.2896663178E-2	3.2901321035E-2
73	3.3258055835E-2	3.3262929595E-2
74	3.3613238613E-2	3.361849734E-2
75	3.3962280806E-2	3.3967121987E-2
76	3.4305711785E-2	3.431017937E-2
77	3.4644547824E-2	3.4649050252E-2
78	3.4978332459E-2	3.4983512646E-2
79	3.5307335628E-2	3.5312780537E-2
80	3.5632124179E-2	3.5637140315E-2
81	3.5953099703E-2	3.5958321244E-2
82	3.6270630609E-2	3.6275364643E-2
83	3.6584233246E-2	3.6589223162E-2
84	3.68943511E-2	3.6899620892E-2
85	3.7200657269E-2	3.7206432027E-2
86	3.7504136926E-2	3.7510102494E-2
87	3.7804505968E-2	3.7811330487E-2
88	3.8102266978E-2	3.8109176311E-2
89	3.8397543787E-2	3.8404148816E-2
90	3.8690620543E-2	3.869645025E-2
91	3.8980587887E-2	3.8986414395E-2
92	3.926797757E-2	3.9274368213E-2
93	3.9553523267E-2	3.9559839869E-2
94	3.9836849641E-2	3.9843569148E-2
95	4.0117587271E-2	4.0124956966E-2
96	4.0396351766E-2	4.0403852417E-2
97	4.0673966107E-2	4.0680924656E-2
98	4.0948705448E-2	4.0956097956E-2
99	4.1222462144E-2	4.1229383552E-2
100	4.1493766441E-2	4.1501216649E-2
101	4.1763624292E-2	4.1771317245E-2
102	4.2031795284E-2	4.2040006977E-2
103	4.2298893211E-2	4.2306949504E-2
104	4.2564649563E-2	4.2572205349E-2
105	4.2828662262E-2	4.2836315461E-2
106	4.3091838086E-2	4.3099154022E-2
107	4.3352911818E-2	4.3359999652E-2
108	4.3612778164E-2	4.3619974993E-2
109	4.3871211072E-2	4.3878970853E-2
110	4.4128736528E-2	4.413656677E-2
111	4.4385061183E-2	4.4392910256E-2
112	4.4639886879E-2	4.4648011292E-2
113	4.4893826873E-2	4.4902039668E-2
114	4.5147576408E-2	4.5155197819E-2
115	4.5399404066E-2	4.5406941853E-2
116	4.5650826648E-2	4.5657997393E-2
117	4.5900983611E-2	4.5908243007E-2
118	4.6150055576E-2	4.6157389208E-2
119	4.6398101898E-2	4.6405504555E-2
120	4.6645997217E-2	4.665298222E-2
121	4.6892311074E-2	4.6899441338E-2
122	4.7138384783E-2	4.7145472929E-2
123	4.7383248255E-2	4.7390422375E-2
124	4.7627532826E-2	4.7634385294E-2
125	4.7871073987E-2	4.7878059317E-2
126	4.8113257383E-2	4.8120540222E-2
127	4.8355374322E-2	4.8362329162E-2
128	4.8596788402E-2	4.8603473226E-2
129	4.8837666843E-2	4.8843769675E-2
130	4.9077464748E-2	4.9083692164E-2
131	4.9316856839E-2	4.9323339751E-2
132	4.9555345539E-2	4.9561949882E-2
133	4.9793519554E-2	4.9800143988E-2
134	5.0030407206E-2	5.0037773538E-2
135	5.026726341E-2	5.0274567697E-2
136	5.0503435628E-2	5.0511255815E-2
137	5.0739047595E-2	5.0747231596E-2
138	5.0974068575E-2	5.0982275388E-2
139	5.1209168267E-2	5.1216917423E-2
140	5.1443352802E-2	5.1451446134E-2
141	5.1677299435E-2	5.1685328202E-2
142	5.1910381231E-2	5.191877536E-2
143	5.21432087E-2	5.2151388533E-2
144	5.2375357255E-2	5.2383877154E-2
145	5.260710367E-2	5.2615954293E-2
146	5.2838532322E-2	5.2847143855E-2
147	5.3069596056E-2	5.3078084179E-2
148	5.3300325873E-2	5.3308737455E-2
149	5.3530439765E-2	5.3538515797E-2
150	5.3759658016E-2	5.376822828E-2
151	5.3988995293E-2	5.3998310584E-2
152	5.421791395E-2	5.4227719113E-2
153	5.4446473561E-2	5.4456563095E-2
154	5.4674650182E-2	5.4684580265E-2
155	5.4902284186E-2	5.4912635744E-2
156	5.5129490862E-2	5.5140343432E-2
157	5.5356653784E-2	5.5367711087E-2
158	5.5582968591E-2	5.5594519572E-2
159	5.5809125591E-2	5.5820891012E-2
160	5.6035418097E-2	5.6047218751E-2
161	5.626096264E-2	5.6273302306E-2
162	5.6486328907E-2	5.6498863478E-2
163	5.6711960799E-2	5.6724393963E-2
164	5.6936696784E-2	5.6949062756E-2
165	5.7161112125E-2	5.717401046E-2
166	5.7385412255E-2	5.7398661435E-2
167	5.7609357788E-2	5.7622626235E-2
168	5.7833396067E-2	5.7846468078E-2
169	5.8056775589E-2	5.8069692216E-2
170	5.827999276E-2	5.829234782E-2
171	5.8503005164E-2	5.8515636819E-2
172	5.8725843355E-2	5.8738514263E-2
173	5.8947919535E-2	5.896103482E-2
174	5.9170020783E-2	5.91833822E-2
175	5.9392176396E-2	5.9405477161E-2
176	5.9614053987E-2	5.9627172024E-2
177	5.9835967783E-2	5.984859526E-2
178	6.0057286496E-2	6.0069742011E-2
179	6.0278187248E-2	6.0290593612E-2
180	6.0498551108E-2	6.0511333078E-2
181	6.0718388808E-2	6.0731809801E-2
182	6.0938796043E-2	6.095190759E-2
183	6.1158923702E-2	6.1172097471E-2
184	6.1378876269E-2	6.1391858019E-2
185	6.1599080955E-2	6.1612116921E-2
186	6.1818493836E-2	6.1831494182E-2
187	6.2037678513E-2	6.2051346937E-2
188	6.2256644471E-2	6.2270667115E-2
189	6.2475493916E-2	6.2489736455E-2
190	6.2694063025E-2	6.2708736302E-2
191	6.2912529166E-2	6.2927357109E-2
192	6.3130826373E-2	6.3145407146E-2
193	6.3349199377E-2	6.3363731176E-2
194	6.3567092049E-2	6.3581848845E-2
195	6.3784734458E-2	6.3799650389E-2
196	6.4002260696E-2	6.4017233968E-2
197	6.4219818227E-2	6.4234655275E-2
198	6.4437334429E-2	6.4452563086E-2
199	6.4654408434E-2	6.4669711745E-2
200	6.4871383513E-2	6.4886638428E-2
201	6.5088001153E-2	6.5103665908E-2
202	6.5304478657E-2	6.5320432316E-2
203	6.5520804559E-2	6.5536830769E-2
204	6.5737087167E-2	6.5753404924E-2
205	6.5953244657E-2	6.5969516249E-2
206	6.6169281145E-2	6.6185298146E-2
207	6.6385071212E-2	6.640146068E-2
208	6.6600619614E-2	6.6617205732E-2
209	6.681679832E-2	6.6833228006E-2
210	6.7032358028E-2	6.7048923467E-2
211	6.7247898935E-2	6.7265058869E-2
212	6.7463252865E-2	6.7480397514E-2
213	6.7678227188E-2	6.7695645436E-2
214	6.7892950502E-2	6.7910724827E-2
215	6.8107449699E-2	6.8125785507E-2
216	6.8322055503E-2	6.8340795806E-2
217	6.8536703856E-2	6.8555247901E-2
218	6.8750724243E-2	6.8770004662E-2
219	6.8965092457E-2	6.8984861054E-2
220	6.9179239525E-2	6.9198855368E-2
221	6.9392905188E-2	6.9413053741E-2
222	6.9607132466E-2	6.9627635207E-2
223	6.9820635757E-2	6.9841876405E-2
224	7.0034895436E-2	7.0055592282E-2
225	7.0248556051E-2	7.0268988129E-2
226	7.0462028184E-2	7.0482484853E-2
227	7.0675766831E-2	7.0695998628E-2
228	7.0889379216E-2	7.0909340677E-2
229	7.1102374542E-2	7.1122291009E-2
230	7.1315638246E-2	7.1335683244E-2
231	7.1528963234E-2	7.1548732558E-2
232	7.1741859142E-2	7.1762226142E-2
233	7.195430974E-2	7.19751618E-2
234	7.2166939379E-2	7.2188166941E-2
235	7.2379565626E-2	7.2400960177E-2
236	7.2592361194E-2	7.2613896316E-2
237	7.2804440416E-2	7.2826514052E-2
238	7.3016415448E-2	7.3038809716E-2
239	7.3228683802E-2	7.3250901095E-2
240	7.3440696708E-2	7.3463054939E-2
241	7.3652673688E-2	7.3675526028E-2
242	7.3864455781E-2	7.388776755E-2
243	7.4076457237E-2	7.4099903668E-2
244	7.428820509E-2	7.4311690026E-2
245	7.4500305816E-2	7.4523751402E-2
246	7.4712043071E-2	7.4735722253E-2
247	7.4923322091E-2	7.4948244631E-2
248	7.5134419695E-2	7.5159708531E-2
249	7.53459069E-2	7.5370965965E-2
250	7.5557155972E-2	7.5582436231E-2
251	7.5768303614E-2	7.579362613E-2
252	7.5979201517E-2	7.600503372E-2
253	7.619040916E-2	7.6215993343E-2
254	7.6401677805E-2	7.6427043432E-2
255	7.6612583792E-2	7.6638178344E-2
256	7.6823713965E-2	7.6849385491E-2
257	7.7034760311E-2	7.7060295025E-2
258	7.7245563625E-2	7.7271155482E-2
259	7.745664074E-2	7.7482268686E-2
260	7.7667652164E-2	7.7692900648E-2
261	7.7878581179E-2	7.7903457365E-2
262	7.8088952971E-2	7.8113953182E-2
263	7.8299281036E-2	7.8324443459E-2
264	7.850977937E-2	7.8534971986E-2
265	7.8720334552E-2	7.8745294841E-2
266	7.8930434721E-2	7.8955865485E-2
267	7.9140108004E-2	7.9165992084E-2
268	7.9350376022E-2	7.9376203863E-2
269	7.95603907E-2	7.958667494E-2
270	7.9770765611E-2	7.9796908157E-2
271	7.9981077698E-2	8.0006940192E-2
272	8.0190771025E-2	8.0217346627E-2
273	8.0400650477E-2	8.042733151E-2
274	8.0610206616E-2	8.0637369873E-2
275	8.0819894357E-2	8.084703526E-2
276	8.1029596361E-2	8.105693436E-2
277	8.1238718046E-2	8.1267122966E-2
278	8.1448329922E-2	8.147651755E-2
279	8.1658060667E-2	8.1686494828E-2
280	8.1868081092E-2	8.1895759496E-2
281	8.2077812268E-2	8.2105405112E-2
282	8.2287181111E-2	8.2314861214E-2
283	8.2496764973E-2	8.2524647353E-2
284	8.2706185944E-2	8.2734417764E-2
285	8.2915496356E-2	8.2943595995E-2
286	8.3124650485E-2	8.3152864073E-2
287	8.3333842425E-2	8.3362157808E-2
288	8.3542803803E-2	8.357191944E-2
289	8.375211436E-2	8.3781190962E-2
290	8.3961187133E-2	8.3990543282E-2
291	8.4169844017E-2	8.4199666104E-2
292	8.4378813453E-2	8.4408850108E-2
293	8.4587801504E-2	8.4617880631E-2
294	8.4797057331E-2	8.4826845763E-2
295	8.5005954092E-2	8.5036049524E-2
296	8.5215012061E-2	8.5245282776E-2
297	8.5423507132E-2	8.5454149076E-2
298	8.5632352984E-2	8.566313137E-2
299	8.584093878E-2	8.5871905745E-2
300	8.6049786151E-2	8.6080294019E-2
301	8.6258442693E-2	8.6289347592E-2
302	8.6466743303E-2	8.6498704453E-2
303	8.6675075808E-2	8.6707391737E-2
304	8.6883711718E-2	8.691603129E-2
305	8.7092352643E-2	8.7124650419E-2
306	8.7301231506E-2	8.7333373244E-2
307	8.7510132161E-2	8.7542196959E-2
308	8.7718157887E-2	8.7750609315E-2
309	8.7926661734E-2	8.795934615E-2
310	8.8134979289E-2	8.8167914939E-2
311	8.8343263919E-2	8.83764789E-2
312	8.8551392135E-2	8.8585072628E-2
313	8.8759551067E-2	8.8793999647E-2
314	8.8967663953E-2	8.9002705507E-2
315	8.9175495299E-2	8.9211421608E-2
316	8.9383624115E-2	8.9420117679E-2
317	8.9591917791E-2	8.962861049E-2
318	8.9800141666E-2	8.9836888802E-2
319	9.0008269494E-2	9.004529705E-2
320	9.0216059681E-2	9.0253622015E-2
321	9.0423959192E-2	9.0462175079E-2
322	9.0632065977E-2	9.067100966E-2
323	9.084033251E-2	9.0879411769E-2
324	9.1047854192E-2	9.1088122327E-2
325	9.1255698081E-2	9.1296100251E-2
326	9.146328805E-2	9.1504385919E-2
327	9.1671395806E-2	9.1713054783E-2
328	9.1879363565E-2	9.1921073666E-2
329	9.2087320159E-2	9.2129800234E-2
330	9.2295033737E-2	9.2337559162E-2
331	9.2502491628E-2	9.2545975132E-2
332	9.271070536E-2	9.2754463003E-2
333	9.291875803E-2	9.2962735592E-2
334	9.3126782874E-2	9.3171016502E-2
335	9.3334756376E-2	9.3379018693E-2
336	9.3542697817E-2	9.3587122256E-2
337	9.3750349439E-2	9.3795269273E-2
338	9.3957868671E-2	9.4003279621E-2
339	9.4165769186E-2	9.4210754448E-2
340	9.4373419351E-2	9.4418497919E-2
341	9.4580860725E-2	9.4626761242E-2
342	9.4788327563E-2	9.4834710585E-2
343	9.4995883377E-2	9.5042907427E-2
344	9.5203958525E-2	9.5250948349E-2
345	9.541165328E-2	9.5459551711E-2
346	9.561945218E-2	9.5667760885E-2
347	9.5827180168E-2	9.5875882579E-2
348	9.6034401231E-2	9.6083916143E-2
349	9.6241483084E-2	9.6292190571E-2
350	9.6449319058E-2	9.6500093437E-2
351	9.6656891881E-2	9.6708055968E-2
352	9.6864717592E-2	9.6916171215E-2
353	9.7072112684E-2	9.7124092479E-2
354	9.7279435746E-2	9.7332021427E-2
355	9.7486770632E-2	9.7539806861E-2
356	9.7694384813E-2	9.774744107E-2
357	9.7901906842E-2	9.7955354413E-2
358	9.8109597674E-2	9.8163520276E-2
359	9.8317251018E-2	9.8371253693E-2
360	9.8524756022E-2	9.8579292069E-2
361	9.8732273252E-2	9.8787380167E-2
362	9.8939578562E-2	9.899521959E-2
363	9.9146935785E-2	9.9203166427E-2
364	9.9354256588E-2	9.9411191905E-2
365	9.9561566848E-2	9.9618995157E-2
366	9.9768991417E-2	9.9827050794E-2
367	9.9976545721E-2	1.0003484793E-1
368	1.0018429916E-1	1.0024259377E-1
369	1.0039156054E-1	1.0045086402E-1
370	1.0059872719E-1	1.0065873175E-1
371	1.0080658677E-1	1.0086698251E-1
372	1.0101391301E-1	1.0107469407E-1
373	1.0122143272E-1	1.0128272924E-1
374	1.0142890895E-1	1.0149061653E-1
375	1.0163642845E-1	1.0169887062E-1
376	1.0184401582E-1	1.0190673323E-1
377	1.0205133117E-1	1.0211493284E-1
378	1.0225857339E-1	1.023227261E-1
379	1.0246612309E-1	1.0253083934E-1
380	1.0267357388E-1	1.0273827637E-1
381	1.0288101126E-1	1.0294656029E-1
382	1.0308833628E-1	1.031546408E-1
383	1.0329555454E-1	1.03362369E-1
384	1.0350311193E-1	1.0357057746E-1
385	1.0371071744E-1	1.0377891121E-1
386	1.0391830701E-1	1.0398685231E-1
387	1.0412557067E-1	1.0419492519E-1
388	1.043332613E-1	1.0440294141E-1
389	1.0454073787E-1	1.0461109426E-1
390	1.0474793658E-1	1.0481902998E-1
391	1.0495536773E-1	1.0502732912E-1
392	1.0516252972E-1	1.052356294E-1
393	1.0537023581E-1	1.0544326627E-1
394	1.0557785908E-1	1.0565088776E-1
395	1.0578510538E-1	1.0585916938E-1
396	1.0599261923E-1	1.0606735824E-1
397	1.0620019338E-1	1.0627548814E-1
398	1.064076757E-1	1.064838666E-1
399	1.0661503837E-1	1.0669219973E-1
400	1.0682248514E-1	1.069005798E-1
401	1.0703029796E-1	1.0710841799E-1
402	1.0723808079E-1	1.0731677451E-1
403	1.0744548544E-1	1.0752453796E-1
404	1.0765327147E-1	1.0773279063E-1
405	1.0786091457E-1	1.079407833E-1
406	1.080686316E-1	1.0814894417E-1
407	1.0827612059E-1	1.0835679318E-1
408	1.0848385439E-1	1.0856479011E-1
409	1.0869172819E-1	1.0877322353E-1
410	1.0889935131E-1	1.0898181087E-1
411	1.0910690633E-1	1.0919021974E-1
412	1.0931488431E-1	1.0939825092E-1
413	1.0952280397E-1	1.0960647389E-1
414	1.0973032591E-1	1.0981486915E-1
415	1.0993792884E-1	1.1002312476E-1
416	1.1014580246E-1	1.1023156908E-1
417	1.1035356782E-1	1.1043979853E-1
418	1.105611363E-1	1.1064823909E-1
419	1.1076864326E-1	1.1085711372E-1
420	1.1097617663E-1	1.1106566665E-1
421	1.1118407147E-1	1.1127408586E-1
422	1.1139189336E-1	1.1148250718E-1
423	1.1159986916E-1	1.1169104509E-1
424	1.11807654E-1	1.1189973915E-1
425	1.1201546654E-1	1.1210831422E-1
426	1.1222365372E-1	1.1231692195E-1
427	1.1243126026E-1	1.1252560048E-1
428	1.1263884702E-1	1.1273427769E-1
429	1.1284673459E-1	1.1294272334E-1
430	1.1305427609E-1	1.1315125095E-1
431	1.1326214463E-1	1.1336010743E-1
432	1.1347017982E-1	1.1356893738E-1
433	1.1367793278E-1	1.1377755727E-1
434	1.1388577133E-1	1.139862601E-1
435	1.1409354893E-1	1.141951783E-1
436	1.1430170352E-1	1.144039115E-1
437	1.1450986704E-1	1.146126568E-1
438	1.1471822199E-1	1.1482150818E-1
439	1.1492661745E-1	1.1503009809E-1
440	1.1513500753E-1	1.1523869036E-1
441	1.153432729E-1	1.1544729678E-1
442	1.1555146466E-1	1.1565616399E-1
443	1.1575991598E-1	1.1586515491E-1
444	1.1596826325E-1	1.1607382791E-1
445	1.1617649529E-1	1.1628273109E-1
446	1.1638473089E-1	1.164919941E-1
447	1.1659299395E-1	1.1670090761E-1
448	1.1680147852E-1	1.1690981986E-1
449	1.170096341E-1	1.1711915457E-1
450	1.1721758506E-1	1.1732821244E-1
451	1.1742545746E-1	1.1753739563E-1
452	1.1763412086E-1	1.1774670916E-1
453	1.1784217476E-1	1.1795591617E-1
454	1.1805066177E-1	1.1816503003E-1
455	1.1825932337E-1	1.1837442139E-1
456	1.1846761786E-1	1.1858347272E-1
457	1.186763358E-1	1.1879316595E-1
458	1.1888497141E-1	1.1900246741E-1
459	1.1909340323E-1	1.1921180678E-1
460	1.1930196575E-1	1.1942124877E-1
461	1.1951049762E-1	1.196304413E-1
462	1.1971909657E-1	1.1984008819E-1
463	1.1992770665E-1	1.2004984971E-1
464	1.2013618419E-1	1.2025918208E-1
465	1.2034490442E-1	1.2046900974E-1
466	1.2055355456E-1	1.206788411E-1
467	1.2076246957E-1	1.2088846499E-1
468	1.2097123655E-1	1.2109804139E-1
469	1.2118004855E-1	1.2130767308E-1
470	1.2138889713E-1	1.2151732114E-1
471	1.215977896E-1	1.2172712474E-1
472	1.2180633034E-1	1.219371093E-1
473	1.2201553896E-1	1.2214656608E-1
474	1.2222468774E-1	1.2235677142E-1
475	1.2243356357E-1	1.2256642964E-1
476	1.2264225968E-1	1.2277657267E-1
477	1.2285144505E-1	1.2298701677E-1
478	1.2306041242E-1	1.2319699532E-1
479	1.2326970236E-1	1.2340694953E-1
480	1.2347884463E-1	1.2361720311E-1
481	1.2368810438E-1	1.2382753793E-1
482	1.2389705435E-1	1.2403786133E-1
483	1.2410650837E-1	1.242478478E-1
484	1.2431570949E-1	1.2445831963E-1
485	1.2452459045E-1	1.2466896809E-1
486	1.2473339875E-1	1.248790863E-1
487	1.2494224737E-1	1.250895559E-1
488	1.2515143595E-1	1.2530034096E-1
489	1.2536092753E-1	1.2551026057E-1
490	1.2557034579E-1	1.2572066009E-1
491	1.2578011813E-1	1.2593166611E-1
492	1.2598947077E-1	1.2614234743E-1
493	1.2619873039E-1	1.2635305349E-1
494	1.2640845028E-1	1.2656392612E-1
495	1.2661844571E-1	1.2677466534E-1
496	1.2682788992E-1	1.2698541225E-1
497	1.2703749148E-1	1.2719633886E-1
498	1.2724723695E-1	1.2740732909E-1
499	1.274567941E-1	1.2761824036E-1
500	1.2766655005E-1	1.2782954682E-1
501	1.2787591498E-1	1.2804040188E-1
502	1.2808548734E-1	1.2825154331E-1
503	1.2829536382E-1	1.284626169E-1
504	1.2850527731E-1	1.2867361436E-1
505	1.2871549248E-1	1.288845709E-1
506	1.2892530471E-1	1.2909599148E-1
507	1.2913546977E-1	1.2930702631E-1
508	1.2934583241E-1	1.2951820138E-1
509	1.2955557515E-1	1.2972970631E-1
510	1.2976537886E-1	1.2994128876E-1
511	1.2997566661E-1	1.3015276174E-1
512	1.3018576959E-1	1.3036423301E-1
513	1.3039576257E-1	1.305752581E-1
514	1.3060624013E-1	1.3078690015E-1
515	1.3081638256E-1	1.3099839934E-1
516	1.31026325E-1	1.3121005603E-1
517	1.3123734477E-1	1.3142141029E-1
518	1.3144740393E-1	1.3163280222E-1
519	1.3165804478E-1	1.3184497494E-1
520	1.3186859448E-1	1.3205703595E-1
521	1.3207919459E-1	1.3226888008E-1
522	1.322897637E-1	1.324812844E-1
523	1.3250020862E-1	1.3269326687E-1
524	1.3271069639E-1	1.3290519164E-1
525	1.3292182854E-1	1.3311731626E-1
526	1.3313230751E-1	1.333296282E-1
527	1.3334297985E-1	1.3354158746E-1
528	1.3355382138E-1	1.3375383091E-1
529	1.337645621E-1	1.3396614668E-1
530	1.3397558734E-1	1.3417848677E-1
531	1.341865953E-1	1.3439074284E-1
532	1.3439770968E-1	1.3460326105E-1
533	1.3460921598E-1	1.3481539484E-1
534	1.3481999101E-1	1.3502807315E-1
535	1.3503125225E-1	1.3524067661E-1
536	1.3524186814E-1	1.354534527E-1
537	1.3545321635E-1	1.3566647186E-1
538	1.3566467717E-1	1.3587917767E-1
539	1.3587594787E-1	1.3609208469E-1
540	1.3608715572E-1	1.3630441169E-1
541	1.3629844163E-1	1.3651734223E-1
542	1.3651003612E-1	1.367307234E-1
543	1.3672166154E-1	1.3694362866E-1
544	1.3693338062E-1	1.3715628999E-1
545	1.3714513367E-1	1.3736942088E-1
546	1.3735661001E-1	1.375827909E-1
547	1.3756794434E-1	1.3779650398E-1
548	1.3777939168E-1	1.3800995825E-1
549	1.3799116424E-1	1.3822370875E-1
550	1.38202998E-1	1.3843765032E-1
551	1.3841454464E-1	1.3865131515E-1
552	1.3862654752E-1	1.3886527455E-1
553	1.3883842514E-1	1.390786406E-1
554	1.3905036169E-1	1.3929196389E-1
555	1.3926261151E-1	1.3950562961E-1
556	1.3947479921E-1	1.3971938202E-1
557	1.3968685894E-1	1.3993328621E-1
558	1.3989914061E-1	1.4014700325E-1
559	1.4011135671E-1	1.4036099705E-1
560	1.4032353174E-1	1.4057511662E-1
561	1.4053587262E-1	1.4078927931E-1
562	1.4074897133E-1	1.4100339495E-1
563	1.4096122512E-1	1.4121760051E-1
564	1.4117350986E-1	1.4143209271E-1
565	1.4138592668E-1	1.4164657261E-1
566	1.4159849824E-1	1.4186092422E-1
567	1.4181130104E-1	1.4207513859E-1
568	1.4202374073E-1	1.4229007665E-1
569	1.4223622554E-1	1.425047527E-1
570	1.4244907645E-1	1.4271942398E-1
571	1.4266144882E-1	1.4293419743E-1
572	1.4287416993E-1	1.431490687E-1
573	1.430868253E-1	1.4336393332E-1
574	1.4329959959E-1	1.4357867511E-1
575	1.4351274256E-1	1.43794034E-1
576	1.4372558306E-1	1.440091736E-1
577	1.439386572E-1	1.4422465106E-1
578	1.4415180733E-1	1.4444028887E-1
579	1.4436533646E-1	1.4465520301E-1
580	1.4457876176E-1	1.4487059942E-1
581	1.4479217416E-1	1.45085618E-1
582	1.4500559233E-1	1.4530113743E-1
583	1.4521915876E-1	1.4551624731E-1
584	1.4543233681E-1	1.4573192359E-1
585	1.4564571432E-1	1.4594740943E-1
586	1.4585950687E-1	1.4616289263E-1
587	1.4607310797E-1	1.4637933519E-1
588	1.4628655541E-1	1.4659517273E-1
589	1.4650011295E-1	1.4681122235E-1
590	1.4671400678E-1	1.4702745306E-1
591	1.4692826276E-1	1.4724333825E-1
592	1.471422E-1	1.4745950316E-1
593	1.4735672463E-1	1.4767562666E-1
594	1.4757032219E-1	1.4789171782E-1
595	1.4778469635E-1	1.4810840701E-1
596	1.4799876932E-1	1.4832496522E-1
597	1.482130963E-1	1.4854138033E-1
598	1.4842767211E-1	1.4875752792E-1
599	1.4864181616E-1	1.489742484E-1
600	1.488561262E-1	1.4919104125E-1
601	1.4907065601E-1	1.494074206E-1
602	1.4928545922E-1	1.4962442821E-1
603	1.4950039983E-1	1.4984151785E-1
604	1.4971503369E-1	1.5005858228E-1
605	1.4992924199E-1	1.5027583339E-1
606	1.5014382566E-1	1.5049314884E-1
607	1.5035871048E-1	1.5071066376E-1
608	1.5057355006E-1	1.5092810177E-1
609	1.5078834705E-1	1.5114560501E-1
610	1.5100333755E-1	1.5136290964E-1
611	1.512186137E-1	1.5158035674E-1
612	1.5143404417E-1	1.5179799971E-1
613	1.5164932786E-1	1.5201571216E-1
614	1.5186449931E-1	1.522336802E-1
615	1.5207968133E-1	1.5245161231E-1
616	1.5229529828E-1	1.5266961808E-1
617	1.5251007978E-1	1.5288804288E-1
618	1.5272551592E-1	1.5310628352E-1
619	1.5294132275E-1	1.5332462589E-1
620	1.5315704788E-1	1.5354319651E-1
621	1.5337286664E-1	1.5376180268E-1
622	1.5358848241E-1	1.5398012392E-1
623	1.5380408476E-1	1.541986348E-1
624	1.5401976119E-1	1.5441738291E-1
625	1.5423579044E-1	1.5463636545E-1
626	1.5445157652E-1	1.5485470371E-1
627	1.5466726808E-1	1.5507381548E-1
628	1.5488352076E-1	1.5529292789E-1
629	1.5509953085E-1	1.5551205729E-1
630	1.5531596738E-1	1.5573114425E-1
631	1.5553170454E-1	1.559504718E-1
632	1.5574795307E-1	1.5617014355E-1
633	1.5596441464E-1	1.5638970609E-1
634	1.5618107607E-1	1.5660904435E-1
635	1.5639775936E-1	1.5682866877E-1
636	1.566143567E-1	1.5704827501E-1
637	1.5683094831E-1	1.5726816919E-1
638	1.5704810901E-1	1.574877542E-1
639	1.572650923E-1	1.5770766384E-1
640	1.5748168672E-1	1.579276622E-1
641	1.5769859253E-1	1.5814796264E-1
642	1.5791554339E-1	1.5836754414E-1
643	1.5813291165E-1	1.585879613E-1
644	1.5834982502E-1	1.5880820917E-1
645	1.5856689948E-1	1.5902875345E-1
646	1.5878423595E-1	1.5924919711E-1
647	1.5900164873E-1	1.5947005363E-1
648	1.5921907616E-1	1.5969051385E-1
649	1.5943692286E-1	1.5991173517E-1
650	1.5965450928E-1	1.6013255396E-1
651	1.5987207697E-1	1.6035386723E-1
652	1.6008939082E-1	1.6057534377E-1
653	1.6030708647E-1	1.60796448E-1
654	1.6052462524E-1	1.6101813989E-1
655	1.6074205181E-1	1.6123946648E-1
656	1.609599889E-1	1.6146074713E-1
657	1.6117821149E-1	1.6168273125E-1
658	1.613966037E-1	1.6190429754E-1
659	1.6161491643E-1	1.6212607057E-1
660	1.6183312702E-1	1.623478269E-1
661	1.620516813E-1	1.6256987995E-1
662	1.6227004208E-1	1.627916455E-1
663	1.6248844483E-1	1.6301372961E-1
664	1.6270714839E-1	1.6323601101E-1
665	1.6292541409E-1	1.6345841562E-1
666	1.6314404573E-1	1.6368062217E-1
667	1.6336286162E-1	1.6390309259E-1
668	1.6358163147E-1	1.6412542916E-1
669	1.6380075942E-1	1.6434789145E-1
670	1.640196141E-1	1.6457090214E-1
671	1.6423855296E-1	1.6479370892E-1
672	1.644576621E-1	1.6501687673E-1
673	1.6467666411E-1	1.6524024455E-1
674	1.6489579548E-1	1.6546344895E-1
675	1.6511497297E-1	1.6568695981E-1
676	1.6533435338E-1	1.6591035463E-1
677	1.6555391934E-1	1.6613420047E-1
678	1.6577333495E-1	1.6635812431E-1
679	1.6599294876E-1	1.6658154935E-1
680	1.6621213813E-1	1.6680540531E-1
681	1.6643178069E-1	1.6702972108E-1
682	1.6665146791E-1	1.672539553E-1
683	1.6687127302E-1	1.6747757647E-1
684	1.6709131131E-1	1.6770191599E-1
685	1.6731137522E-1	1.6792612167E-1
686	1.6753149211E-1	1.681504919E-1
687	1.677516983E-1	1.6837515712E-1
688	1.6797168384E-1	1.685996018E-1
689	1.6819256835E-1	1.6882443989E-1
690	1.6841310424E-1	1.6904936058E-1
691	1.6863362272E-1	1.692744876E-1
692	1.6885397161E-1	1.6949944064E-1
693	1.6907436029E-1	1.6972465486E-1
694	1.6929514634E-1	1.699499481E-1
695	1.6951619624E-1	1.7017531945E-1
696	1.6973708601E-1	1.7040101395E-1
697	1.6995830762E-1	1.7062667462E-1
698	1.7017866831E-1	1.7085250228E-1
699	1.7039938272E-1	1.7107878766E-1
700	1.7062010816E-1	1.7130480724E-1
701	1.7084112155E-1	1.7153089464E-1
702	1.710626144E-1	1.7175744873E-1
703	1.7128395684E-1	1.7198381608E-1
704	1.7150554856E-1	1.7221056287E-1
705	1.7172690777E-1	1.724372744E-1
706	1.7194826905E-1	1.7266387653E-1
707	1.7217008994E-1	1.7289079532E-1
708	1.7239158099E-1	1.7311816208E-1
709	1.7261374108E-1	1.7334512501E-1
710	1.7283596856E-1	1.7357197176E-1
711	1.730581283E-1	1.7379921833E-1
712	1.7328028297E-1	1.7402659305E-1
713	1.735024547E-1	1.7425386386E-1
714	1.73724739E-1	1.7448149169E-1
715	1.7394704598E-1	1.7470923487E-1
716	1.7416974801E-1	1.7493675137E-1
717	1.7439225296E-1	1.7516444426E-1
718	1.7461518621E-1	1.7539240723E-1
719	1.7483789495E-1	1.7562073594E-1
720	1.750608115E-1	1.7584927219E-1
721	1.7528352594E-1	1.7607774344E-1
722	1.7550668736E-1	1.763065915E-1
723	1.7572969965E-1	1.7653525835E-1
724	1.75952962E-1	1.767641869E-1
725	1.7617591065E-1	1.7699297063E-1
726	1.7639896425E-1	1.7722178239E-1
727	1.7662219609E-1	1.7745110745E-1
728	1.7684569576E-1	1.7768024683E-1
729	1.7706928184E-1	1.7790935088E-1
730	1.7729286627E-1	1.7813845836E-1
731	1.7751642586E-1	1.7836798949E-1
732	1.7774039137E-1	1.7859779018E-1
733	1.7796401741E-1	1.7882792753E-1
734	1.7818795984E-1	1.7905810514E-1
735	1.784122234E-1	1.7928816962E-1
736	1.7863573981E-1	1.7951868127E-1
737	1.7885999441E-1	1.7974902983E-1
738	1.7908431872E-1	1.7997947499E-1
739	1.7930850743E-1	1.802096152E-1
740	1.7953303425E-1	1.8044048595E-1
741	1.797573324E-1	1.8067088653E-1
742	1.7998224859E-1	1.8090203978E-1
743	1.8020694747E-1	1.8113314215E-1
744	1.804312212E-1	1.8136444256E-1
745	1.8065636786E-1	1.8159577705E-1
746	1.8088128579E-1	1.8182732044E-1
747	1.8110623642E-1	1.8205921344E-1
748	1.81331228E-1	1.8229103649E-1
749	1.8155643104E-1	1.8252302718E-1
750	1.8178197507E-1	1.8275493286E-1
751	1.8200747023E-1	1.8298691921E-1
752	1.8223258907E-1	1.8321926207E-1
753	1.8245787182E-1	1.8345162214E-1
754	1.8268330289E-1	1.8368440655E-1
755	1.8290862085E-1	1.8391720183E-1
756	1.8313428638E-1	1.8414992328E-1
757	1.8336019905E-1	1.8438245952E-1
758	1.8358623296E-1	1.846156437E-1
759	1.8381192607E-1	1.8484908859E-1
760	1.8403859439E-1	1.8508227125E-1
761	1.8426500216E-1	1.85315854E-1
762	1.844914764E-1	1.8554941894E-1
763	1.8471787443E-1	1.8578381083E-1
764	1.8494416161E-1	1.8601813386E-1
765	1.8517078364E-1	1.8625220081E-1
766	1.8539713354E-1	1.8648633487E-1
767	1.8562379011E-1	1.867206993E-1
768	1.8585068256E-1	1.8695480905E-1
769	1.8607775084E-1	1.87189468E-1
770	1.8630438081E-1	1.8742379853E-1
771	1.8653186414E-1	1.8765907838E-1
772	1.8675863312E-1	1.8789425098E-1
773	1.8698638558E-1	1.8812910965E-1
774	1.8721392399E-1	1.8836461049E-1
775	1.8744143335E-1	1.8860014823E-1
776	1.8766872449E-1	1.8883606327E-1
777	1.8789689488E-1	1.8907179326E-1
778	1.8812442796E-1	1.893078423E-1
779	1.8835199291E-1	1.8954368058E-1
780	1.8858006055E-1	1.8977978419E-1
781	1.8880762223E-1	1.9001633067E-1
782	1.8903569054E-1	1.902529036E-1
783	1.8926387625E-1	1.9048972162E-1
784	1.8949210173E-1	1.9072628639E-1
785	1.8972025071E-1	1.9096292724E-1
786	1.8994873536E-1	1.9120026049E-1
787	1.901771334E-1	1.9143778599E-1
788	1.9040562015E-1	1.9167515211E-1
789	1.906345267E-1	1.9191226227E-1
790	1.9086327753E-1	1.921503022E-1
791	1.9109228749E-1	1.9238816074E-1
792	1.9132153532E-1	1.9262628461E-1
793	1.9155015053E-1	1.92864725E-1
794	1.9177932656E-1	1.9310313599E-1
795	1.9200871E-1	1.9334154528E-1
796	1.9223809419E-1	1.9358028264E-1
797	1.924674025E-1	1.9381900864E-1
798	1.926968374E-1	1.9405819261E-1
799	1.9292639866E-1	1.9429690747E-1
800	1.9315596203E-1	1.9453601876E-1
801	1.9338531821E-1	1.9477589107E-1
802	1.9361525235E-1	1.9501546386E-1
803	1.9384513716E-1	1.9525508822E-1
804	1.9407544395E-1	1.9549516145E-1
805	1.9430575612E-1	1.9573504387E-1
806	1.9453573185E-1	1.9597539485E-1
807	1.9476602743E-1	1.962162053E-1
808	1.9499611028E-1	1.9645703052E-1
809	1.9522642514E-1	1.9669752697E-1
810	1.9545661237E-1	1.9693867061E-1
811	1.9568671716E-1	1.9717986358E-1
812	1.9591753929E-1	1.9742113346E-1
813	1.9614811704E-1	1.9766262257E-1
814	1.9637879605E-1	1.9790387883E-1
815	1.9660988104E-1	1.9814570067E-1
816	1.9684097886E-1	1.9838758852E-1
817	1.9707206906E-1	1.9862992653E-1
818	1.9730354617E-1	1.9887246324E-1
819	1.9753500443E-1	1.9911470103E-1
820	1.977664103E-1	1.9935704748E-1
821	1.9799826987E-1	1.9960007836E-1
822	1.9822987182E-1	1.9984295606E-1
823	1.9846187385E-1	2.0008637888E-1
824	1.9869385807E-1	2.0032961922E-1
825	1.989258654E-1	2.005729435E-1
826	1.9915756171E-1	2.0081632762E-1
827	1.9938954446E-1	2.010599684E-1
828	1.9962130382E-1	2.0130414015E-1
829	1.9985364567E-1	2.0154834108E-1
830	2.0008577394E-1	2.0179256678E-1
831	2.0031797856E-1	2.0203728754E-1
832	2.0055049607E-1	2.0228270351E-1
833	2.0078307859E-1	2.025272579E-1
834	2.0101598863E-1	2.0277241127E-1
835	2.0124872377E-1	2.0301733837E-1
836	2.0148173248E-1	2.032626932E-1
837	2.0171483888E-1	2.0350823794E-1
838	2.019480969E-1	2.0375393088E-1
839	2.0218115791E-1	2.0400006331E-1
840	2.024145563E-1	2.0424604334E-1
841	2.0264776874E-1	2.0449264223E-1
842	2.0288122877E-1	2.0473879999E-1
843	2.0311455646E-1	2.0498514654E-1
844	2.0334801247E-1	2.0523216676E-1
845	2.0358173983E-1	2.0547890965E-1
846	2.0381560999E-1	2.0572623301E-1
847	2.0404970861E-1	2.059733589E-1
848	2.0428379651E-1	2.062210917E-1
849	2.0451775229E-1	2.0646920115E-1
850	2.0475185213E-1	2.0671758599E-1
851	2.0498615907E-1	2.0696559398E-1
852	2.0522054746E-1	2.0721400519E-1
853	2.0545525899E-1	2.0746241781E-1
854	2.0568996232E-1	2.0771137501E-1
855	2.059244303E-1	2.0796043133E-1
856	2.0615909551E-1	2.0820983685E-1
857	2.0639377089E-1	2.084589376E-1
858	2.0662901969E-1	2.0870847837E-1
859	2.0686410243E-1	2.0895807781E-1
860	2.0709911611E-1	2.0920769676E-1
861	2.0733429596E-1	2.0945773878E-1
862	2.0756948465E-1	2.0970815722E-1
863	2.078047206E-1	2.0995895989E-1
864	2.0804059553E-1	2.1020953591E-1
865	2.0827620604E-1	2.1046077461E-1
866	2.085120767E-1	2.1071195364E-1
867	2.0874781432E-1	2.1096287397E-1
868	2.0898355066E-1	2.112145515E-1
869	2.0921942063E-1	2.114663488E-1
870	2.0945568584E-1	2.1171771351E-1
871	2.0969162639E-1	2.1197006582E-1
872	2.0992834239E-1	2.1222243773E-1
873	2.1016484883E-1	2.12474774E-1
874	2.1040103365E-1	2.1272765713E-1
875	2.1063746357E-1	2.1298064138E-1
876	2.1087425613E-1	2.1323386441E-1
877	2.1111099422E-1	2.1348756855E-1
878	2.1134763327E-1	2.1374132783E-1
879	2.1158437244E-1	2.1399549805E-1
880	2.118216177E-1	2.1424945864E-1
881	2.1205871477E-1	2.1450366527E-1
882	2.1229550084E-1	2.1475846004E-1
883	2.1253281576E-1	2.1501301369E-1
884	2.1276989232E-1	2.1526787719E-1
885	2.1300695118E-1	2.1552312552E-1
886	2.1324428906E-1	2.1577857314E-1
887	2.134813761E-1	2.1603424127E-1
888	2.1371902465E-1	2.1628953838E-1
889	2.1395675622E-1	2.1654580677E-1
890	2.1419411686E-1	2.1680209053E-1
891	2.1443246707E-1	2.1705896272E-1
892	2.1467053829E-1	2.1731555485E-1
893	2.1490867941E-1	2.1757301082E-1
894	2.1514682567E-1	2.178303752E-1
895	2.1538541317E-1	2.180879993E-1
896	2.1562412544E-1	2.1834567021E-1
897	2.1586290852E-1	2.1860326653E-1
898	2.1610117984E-1	2.1886123025E-1
899	2.1634023033E-1	2.1911900287E-1
900	2.1657865799E-1	2.1937746348E-1
901	2.1681715617E-1	2.1963636537E-1
902	2.1705636598E-1	2.1989558508E-1
903	2.1729485848E-1	2.2015496688E-1
904	2.1753397488E-1	2.204148246E-1
905	2.1777313939E-1	2.206746695E-1
906	2.1801275222E-1	2.2093448746E-1
907	2.1825268782E-1	2.2119457916E-1
908	2.1849206441E-1	2.2145550538E-1
909	2.1873151556E-1	2.2171652913E-1
910	2.1897121534E-1	2.2197736077E-1
911	2.19210917E-1	2.2223877474E-1
912	2.1945089325E-1	2.2249993483E-1
913	2.1969077326E-1	2.2276153951E-1
914	2.1993110026E-1	2.2302340774E-1
915	2.2017142385E-1	2.2328537299E-1
916	2.2041157252E-1	2.2354786729E-1
917	2.2065171589E-1	2.2381054436E-1
918	2.2089200338E-1	2.2407346609E-1
919	2.2113246238E-1	2.2433667519E-1
920	2.2137335952E-1	2.2460017041E-1
921	2.2161432494E-1	2.2486305418E-1
922	2.2185545446E-1	2.2512702067E-1
923	2.2209628869E-1	2.253909926E-1
924	2.2233759854E-1	2.256555534E-1
925	2.2257892086E-1	2.2592052665E-1
926	2.2282020977E-1	2.2618555644E-1
927	2.2306140834E-1	2.2645048742E-1
928	2.2330266197E-1	2.2671579237E-1
929	2.2354392417E-1	2.2698210638E-1
930	2.2378513141E-1	2.2724811127E-1
931	2.2402657906E-1	2.2751447863E-1
932	2.2426842431E-1	2.277806219E-1
933	2.2451039334E-1	2.2804729823E-1
934	2.2475249278E-1	2.2831434754E-1
935	2.2499474887E-1	2.2858186256E-1
936	2.2523684507E-1	2.2884984429E-1
937	2.2547907239E-1	2.2911737813E-1
938	2.2572161052E-1	2.2938608321E-1
939	2.2596416965E-1	2.296545009E-1
940	2.2620687056E-1	2.2992357948E-1
941	2.2644941897E-1	2.3019258054E-1
942	2.2669240357E-1	2.3046198403E-1
943	2.2693492971E-1	2.3073122296E-1
944	2.2717775755E-1	2.3100107572E-1
945	2.2742038522E-1	2.312709019E-1
946	2.2766326076E-1	2.315414541E-1
947	2.2790649508E-1	2.3181219619E-1
948	2.2814947403E-1	2.3208315034E-1
949	2.2839288694E-1	2.3235470238E-1
950	2.2863607677E-1	2.3262608435E-1
951	2.2888008975E-1	2.3289783958E-1
952	2.2912391344E-1	2.3317003567E-1
953	2.2936788435E-1	2.3344298243E-1
954	2.2961161661E-1	2.3371586083E-1
955	2.2985587902E-1	2.3398862667E-1
956	2.3009969494E-1	2.3426185328E-1
957	2.3034364793E-1	2.3453531351E-1
958	2.3058787775E-1	2.3480944878E-1
959	2.3083193021E-1	2.3508389307E-1
960	2.3107592391E-1	2.3535879049E-1
961	2.3132024147E-1	2.3563328836E-1
962	2.3156498892E-1	2.3590826445E-1
963	2.318096227E-1	2.3618339055E-1
964	2.3205442356E-1	2.364592705E-1
965	2.3229924741E-1	2.3673501693E-1
966	2.3254430696E-1	2.370116105E-1
967	2.3278950025E-1	2.3728833226E-1
968	2.3303492419E-1	2.3756557087E-1
969	2.332799861E-1	2.378427921E-1
970	2.3352545527E-1	2.3812041645E-1
971	2.3377066617E-1	2.3839875567E-1
972	2.3401605333E-1	2.3867697565E-1
973	2.3426184901E-1	2.3895579073E-1
974	2.34507202E-1	2.3923401616E-1
975	2.3475309964E-1	2.3951327562E-1
976	2.3499931423E-1	2.3979286208E-1
977	2.3524503095E-1	2.4007284741E-1
978	2.354912022E-1	2.4035258264E-1
979	2.3573762545E-1	2.4063346722E-1
980	2.3598406627E-1	2.4091438073E-1
981	2.3623032173E-1	2.4119595089E-1
982	2.3647690399E-1	2.4147774814E-1
983	2.3672365154E-1	2.4175995851E-1
984	2.3697039315E-1	2.4204276041E-1
985	2.372176583E-1	2.4232575925E-1
986	2.3746393361E-1	2.4260864192E-1
987	2.3771086348E-1	2.4289187696E-1
988	2.3795828831E-1	2.431752626E-1
989	2.3820566648E-1	2.4345969103E-1
990	2.3845334374E-1	2.4374356161E-1
991	2.3870129723E-1	2.440281889E-1
992	2.389486619E-1	2.4431320279E-1
993	2.39196512E-1	2.4459853849E-1
994	2.3944419222E-1	2.4488397438E-1
995	2.3969200792E-1	2.4517067085E-1
996	2.3993998833E-1	2.4545735108E-1
997	2.4018787436E-1	2.4574452297E-1
998	2.4043652089E-1	2.4603231264E-1
999	2.4068484024E-1	2.4632032317E-1
1000	2.4093315153E-1	2.4660824305E-1
1001	2.4118168201E-1	2.4689681325E-1
1002	2.4143032261E-1	2.4718573124E-1
1003	2.4167889463E-1	2.4747452282E-1
1004	2.4192752732E-1	2.4776393887E-1
1005	2.421761754E-1	2.4805406976E-1
1006	2.4242522453E-1	2.4834459386E-1
1007	2.4267425823E-1	2.4863537819E-1
1008	2.4292350374E-1	2.4892686447E-1
1009	2.4317272735E-1	2.4921862495E-1
1010	2.4342198873E-1	2.4951068418E-1
1011	2.4367158603E-1	2.4980297264E-1
1012	2.4392091095E-1	2.5009588343E-1
1013	2.4417079668E-1	2.5038886979E-1
1014	2.4442042952E-1	2.5068216106E-1
1015	2.4467037878E-1	2.5097609733E-1
1016	2.4492058741E-1	2.5127048255E-1
1017	2.4517082966E-1	2.5156493006E-1
1018	2.4542086783E-1	2.5186035572E-1
1019	2.4567074047E-1	2.5215644257E-1
1020	2.4592134658E-1	2.5245232211E-1
1021	2.4617226563E-1	2.5274840499E-1
1022	2.4642347734E-1	2.5304523883E-1
1023	2.4667460984E-1	2.5334249736E-1
1024	2.4692581019E-1	2.5363986092E-1
1025	2.4717697609E-1	2.5393778057E-1
1026	2.4742836185E-1	2.5423631689E-1
1027	2.4767975836E-1	2.5453539731E-1
1028	2.4793141418E-1	2.5483455672E-1
1029	2.4818274642E-1	2.5513435606E-1
1030	2.484341404E-1	2.5543418987E-1
1031	2.4868644148E-1	2.5573507894E-1
1032	2.489376166E-1	2.5603588225E-1
1033	2.4918969826E-1	2.563377713E-1
1034	2.4944150353E-1	2.5663973752E-1
1035	2.4969367977E-1	2.5694229231E-1
1036	2.4994574807E-1	2.572446528E-1
1037	2.5019802339E-1	2.575481242E-1
1038	2.5045051806E-1	2.5785204149E-1
1039	2.5070379996E-1	2.5815628637E-1
1040	2.5095621936E-1	2.5846087413E-1
1041	2.5120928996E-1	2.5876595112E-1
1042	2.5146284287E-1	2.5907158571E-1
1043	2.5171600584E-1	2.5937717814E-1
1044	2.5196963949E-1	2.5968357461E-1
1045	2.5222331857E-1	2.5999032711E-1
1046	2.5247682506E-1	2.6029758091E-1
1047	2.527303961E-1	2.606055224E-1
1048	2.5298454334E-1	2.6091373449E-1
1049	2.5323885072E-1	2.6122210632E-1
1050	2.534929102E-1	2.6153083883E-1
1051	2.5374710214E-1	2.6184041001E-1
1052	2.5400179249E-1	2.6215017867E-1
1053	2.5425693186E-1	2.6246043584E-1
1054	2.5451116531E-1	2.6277180558E-1
1055	2.5476573123E-1	2.6308354418E-1
1056	2.5502098942E-1	2.6339526709E-1
1057	2.5527608127E-1	2.637077684E-1
1058	2.5553138269E-1	2.6402092735E-1
1059	2.5578654719E-1	2.6433442869E-1
1060	2.5604215832E-1	2.6464808073E-1
1061	2.5629763542E-1	2.6496212E-1
1062	2.5655353404E-1	2.6527639439E-1
1063	2.5680977649E-1	2.6559165984E-1
1064	2.5706557016E-1	2.6590706201E-1
1065	2.5732183525E-1	2.6622294056E-1
1066	2.575779712E-1	2.6653956198E-1
1067	2.5783478199E-1	2.6685697356E-1
1068	2.5809142685E-1	2.6717427702E-1
1069	2.5834787389E-1	2.6749295576E-1
1070	2.5860493123E-1	2.6781126472E-1
1071	2.5886199985E-1	2.6813000521E-1
1072	2.591188884E-1	2.6844960919E-1
1073	2.5937643437E-1	2.6876997292E-1
1074	2.5963347377E-1	2.690901248E-1
1075	2.5989086029E-1	2.694111102E-1
1076	2.6014867675E-1	2.6973287398E-1
1077	2.6040667316E-1	2.7005498561E-1
1078	2.6066492479E-1	2.7037736946E-1
1079	2.6092294659E-1	2.706998676E-1
1080	2.6118141511E-1	2.710235953E-1
1081	2.6144017919E-1	2.71347367E-1
1082	2.616991375E-1	2.7167177757E-1
1083	2.6195790306E-1	2.7199655358E-1
1084	2.6221662572E-1	2.7232160293E-1
1085	2.6247600156E-1	2.7264757461E-1
1086	2.6273551405E-1	2.7297381431E-1
1087	2.6299498479E-1	2.7330096239E-1
1088	2.6325496847E-1	2.7362801645E-1
1089	2.6351406507E-1	2.7395587176E-1
1090	2.6377421181E-1	2.7428401294E-1
1091	2.6403419427E-1	2.7461270455E-1
1092	2.642946271E-1	2.7494193992E-1
1093	2.6455503204E-1	2.7527151962E-1
1094	2.648158867E-1	2.7560206321E-1
1095	2.6507674073E-1	2.7593307667E-1
1096	2.6533747752E-1	2.7626425461E-1
1097	2.6559871286E-1	2.7659582434E-1
1098	2.6586002598E-1	2.7692864045E-1
1099	2.6612162339E-1	2.7726140249E-1
1100	2.6638349862E-1	2.7759484493E-1
1101	2.666449819E-1	2.7792939759E-1
1102	2.6690678411E-1	2.7826399807E-1
1103	2.6716921889E-1	2.7859893957E-1
1104	2.6743127218E-1	2.789340864E-1
1105	2.6769389511E-1	2.7927004759E-1
1106	2.6795623997E-1	2.7960638903E-1
1107	2.6821893491E-1	2.7994336448E-1
1108	2.68481665E-1	2.8028080248E-1
1109	2.6874482194E-1	2.8061873115E-1
1110	2.6900837673E-1	2.8095702343E-1
1111	2.6927250246E-1	2.8129625146E-1
1112	2.6953589061E-1	2.8163642552E-1
1113	2.697998461E-1	2.8197597961E-1
1114	2.7006384081E-1	2.823161825E-1
1115	2.7032872703E-1	2.8265769575E-1
1116	2.7059278798E-1	2.8299939501E-1
1117	2.7085699216E-1	2.8334163643E-1
1118	2.7112178013E-1	2.8368415439E-1
1119	2.7138690019E-1	2.8402704537E-1
1120	2.7165167296E-1	2.8437021221E-1
1121	2.7191733332E-1	2.8471481211E-1
1122	2.7218305699E-1	2.850596883E-1
1123	2.724489242E-1	2.8540388561E-1
1124	2.7271507969E-1	2.8574928694E-1
1125	2.7298146043E-1	2.8609526924E-1
1126	2.7324749578E-1	2.8644186359E-1
1127	2.735140802E-1	2.867889457E-1
1128	2.7378043136E-1	2.8713702024E-1
1129	2.7404743179E-1	2.874853348E-1
1130	2.7431423182E-1	2.8783396275E-1
1131	2.745815417E-1	2.8818351403E-1
1132	2.748488074E-1	2.8853312159E-1
1133	2.7511671656E-1	2.8888366503E-1
1134	2.75384091E-1	2.8923471094E-1
1135	2.7565191782E-1	2.895856726E-1
1136	2.7591995636E-1	2.899375618E-1
1137	2.7618814194E-1	2.9028966005E-1
1138	2.764567453E-1	2.9064237232E-1
1139	2.7672554202E-1	2.9099645676E-1
1140	2.7699437408E-1	2.9135087679E-1
1141	2.7726305732E-1	2.9170511935E-1
1142	2.7753205666E-1	2.9206040004E-1
1143	2.7780090364E-1	2.9241564093E-1
1144	2.7807073345E-1	2.9277146326E-1
1145	2.7834052949E-1	2.9312853603E-1
1146	2.7861036857E-1	2.9348505055E-1
1147	2.7888059925E-1	2.9384306179E-1
1148	2.7915113027E-1	2.9420074823E-1
1149	2.7942204872E-1	2.945592284E-1
1150	2.7969287754E-1	2.9491842477E-1
1151	2.7996359001E-1	2.9527797767E-1
1152	2.8023455453E-1	2.9563814941E-1
1153	2.8050593414E-1	2.9599871188E-1
1154	2.8077759786E-1	2.9636053869E-1
1155	2.8104870227E-1	2.9672232223E-1
1156	2.813204556E-1	2.9708478968E-1
1157	2.8159237437E-1	2.9744745667E-1
1158	2.8186452743E-1	2.9781063154E-1
1159	2.8213638971E-1	2.9817464778E-1
1160	2.8240881989E-1	2.9853882988E-1
1161	2.8268133991E-1	2.9890281126E-1
1162	2.8295450792E-1	2.9926848029E-1
1163	2.8322785275E-1	2.9963380466E-1
1164	2.8350111381E-1	2.9999990191E-1
1165	2.8377447235E-1	3.0036675104E-1
1166	2.8404813107E-1	3.0073379849E-1
1167	2.8432205433E-1	3.0110193904E-1
1168	2.8459630588E-1	3.0147017332E-1
1169	2.8487081918E-1	3.0183840796E-1
1170	2.8514531456E-1	3.0220745329E-1
1171	2.8542037861E-1	3.0257762326E-1
1172	2.8569507442E-1	3.0294810876E-1
1173	2.8596984691E-1	3.0331874351E-1
1174	2.8624485265E-1	3.0368998101E-1
1175	2.8652043937E-1	3.0406188366E-1
1176	2.8679599989E-1	3.0443475156E-1
1177	2.8707187653E-1	3.048081982E-1
1178	2.8734744474E-1	3.0518170824E-1
1179	2.8762360543E-1	3.0555549587E-1
1180	2.879004383E-1	3.05930537E-1
1181	2.8817657314E-1	3.0630564892E-1
1182	2.8845370588E-1	3.0668119581E-1
1183	2.8873040222E-1	3.0705772148E-1
1184	2.8900708621E-1	3.0743519191E-1
1185	2.8928416393E-1	3.0781303223E-1
1186	2.8956117055E-1	3.0819106477E-1
1187	2.898388832E-1	3.0856977443E-1
1188	2.9011664765E-1	3.089492453E-1
1189	2.9039480441E-1	3.0932902905E-1
1190	2.9067323915E-1	3.0970888814E-1
1191	2.9095146144E-1	3.1008914126E-1
1192	2.9122956075E-1	3.1047009814E-1
1193	2.9150814065E-1	3.1085208809E-1
1194	2.9178699084E-1	3.1123450766E-1
1195	2.920663084E-1	3.1161710926E-1
1196	2.9234581818E-1	3.1200058544E-1
1197	2.9262496494E-1	3.1238520947E-1
1198	2.9290500377E-1	3.1277038781E-1
1199	2.9318505064E-1	3.1315532553E-1
1200	2.9346508188E-1	3.1354062126E-1
1201	2.9374498358E-1	3.1392668556E-1
1202	2.9402506679E-1	3.1431404341E-1
1203	2.9430576092E-1	3.1470113821E-1
1204	2.9458612763E-1	3.1508990745E-1
1205	2.9486702684E-1	3.1547824648E-1
1206	2.951480344E-1	3.1586722509E-1
1207	2.9542956545E-1	3.1625748746E-1
1208	2.957114088E-1	3.1664772113E-1
1209	2.959924617E-1	3.1703897708E-1
1210	2.9627405223E-1	3.17429988E-1
1211	2.9655556636E-1	3.1782277345E-1
1212	2.9683753543E-1	3.1821565943E-1
1213	2.9712013217E-1	3.1860871726E-1
1214	2.9740323799E-1	3.1900261691E-1
1215	2.9768538942E-1	3.1939677467E-1
1216	2.9796829722E-1	3.1979191868E-1
1217	2.9825186927E-1	3.2018786988E-1
1218	2.9853446484E-1	3.2058398671E-1
1219	2.9881767204E-1	3.2098065044E-1
1220	2.9910126417E-1	3.2137879196E-1
1221	2.9938478677E-1	3.2177676185E-1
1222	2.9966849544E-1	3.2217568092E-1
1223	2.9995267718E-1	3.2257464943E-1
1224	3.0023702059E-1	3.2297461776E-1
1225	3.0052169908E-1	3.2337517952E-1
1226	3.0080607206E-1	3.2377631187E-1
1227	3.0109035493E-1	3.2417827331E-1
1228	3.0137575547E-1	3.2458046735E-1
1229	3.0166046599E-1	3.2498342234E-1
1230	3.0194583231E-1	3.2538744868E-1
1231	3.022316678E-1	3.2579103082E-1
1232	3.0251684939E-1	3.2619584083E-1
1233	3.0280330224E-1	3.2660110107E-1
1234	3.0308881211E-1	3.2700712084E-1
1235	3.0337519289E-1	3.274135532E-1
1236	3.0366148904E-1	3.2782115324E-1
1237	3.0394740462E-1	3.2822903302E-1
1238	3.0423442891E-1	3.2863803033E-1
1239	3.0452096439E-1	3.2904694861E-1
1240	3.0480767192E-1	3.2945727664E-1
1241	3.0509521189E-1	3.2986777022E-1
1242	3.053827174E-1	3.3027879183E-1
1243	3.0566981586E-1	3.306905106E-1
1244	3.0595762853E-1	3.311025862E-1
1245	3.0624556512E-1	3.3151560304E-1
1246	3.065330851E-1	3.3192921702E-1
1247	3.0682147294E-1	3.3234407654E-1
1248	3.0710994098E-1	3.3275919329E-1
1249	3.0739841261E-1	3.3317470363E-1
1250	3.0768712719E-1	3.3359046567E-1
1251	3.0797636219E-1	3.3400729724E-1
1252	3.0826519897E-1	3.3442486551E-1
1253	3.0855438792E-1	3.3484352867E-1
1254	3.0884361762E-1	3.3526258654E-1
1255	3.0913340512E-1	3.356817603E-1
1256	3.0942311845E-1	3.3610200366E-1
1257	3.0971285551E-1	3.3652295885E-1
1258	3.1000335284E-1	3.369449855E-1
1259	3.1029367756E-1	3.3736660242E-1
1260	3.1058418887E-1	3.3778911273E-1
1261	3.1087429947E-1	3.3821275902E-1
1262	3.1116550111E-1	3.3863726261E-1
1263	3.1145642229E-1	3.3906233432E-1
1264	3.1174671105E-1	3.3948725E-1
1265	3.1203820789E-1	3.3991393095E-1
1266	3.1232949508E-1	3.4034085328E-1
1267	3.1262115494E-1	3.4076798791E-1
1268	3.1291289902E-1	3.4119647994E-1
1269	3.1320452412E-1	3.4162509522E-1
1270	3.1349680479E-1	3.4205476278E-1
1271	3.1378933254E-1	3.4248569791E-1
1272	3.1408162135E-1	3.429165801E-1
1273	3.1437481142E-1	3.4334846392E-1
1274	3.1466759599E-1	3.4378018907E-1
1275	3.1496046169E-1	3.442135566E-1
1276	3.1525345021E-1	3.446472898E-1
1277	3.1554646427E-1	3.4508188861E-1
1278	3.1583987998E-1	3.4551695019E-1
1279	3.1613409456E-1	3.4595274235E-1
1280	3.1642789861E-1	3.4638898969E-1
1281	3.1672180931E-1	3.4682680267E-1
1282	3.1701646747E-1	3.4726450003E-1
1283	3.1731090052E-1	3.4770399073E-1
1284	3.1760541051E-1	3.481425672E-1
1285	3.1789962335E-1	3.4858285117E-1
1286	3.1819459977E-1	3.4902400532E-1
1287	3.1848951781E-1	3.4946584062E-1
1288	3.1878496441E-1	3.4990778787E-1
1289	3.1908028593E-1	3.5035077998E-1
1290	3.1937573643E-1	3.5079469299E-1
1291	3.1967153443E-1	3.5123876395E-1
1292	3.1996768549E-1	3.5168464189E-1
1293	3.202638812E-1	3.5212986567E-1
1294	3.2056021794E-1	3.5257659617E-1
1295	3.2085681196E-1	3.5302384745E-1
1296	3.2115370446E-1	3.5347140148E-1
1297	3.2145054535E-1	3.539202421E-1
1298	3.2174752319E-1	3.5436906786E-1
1299	3.2204445005E-1	3.5481947636E-1
1300	3.2234228952E-1	3.5526991656E-1
1301	3.2264015715E-1	3.5572211889E-1
1302	3.2293897917E-1	3.561743311E-1
1303	3.2323673712E-1	3.5662759985E-1
1304	3.2353490357E-1	3.57081361E-1
1305	3.2383331865E-1	3.5753575844E-1
1306	3.2413166157E-1	3.5799124701E-1
1307	3.2443062824E-1	3.5844737607E-1
1308	3.2472950745E-1	3.5890362649E-1
1309	3.250291736E-1	3.593614927E-1
1310	3.2532857535E-1	3.5981926831E-1
1311	3.2562788392E-1	3.6027819851E-1
1312	3.2592777686E-1	3.6073784276E-1
1313	3.2622781029E-1	3.6119807394E-1
1314	3.265283918E-1	3.6165940798E-1
1315	3.2682854624E-1	3.621216214E-1
1316	3.2712967149E-1	3.6258357376E-1
1317	3.2743077745E-1	3.6304738344E-1
1318	3.2773159242E-1	3.6351180009E-1
1319	3.2803301982E-1	3.6397712786E-1
1320	3.2833414931E-1	3.644432155E-1
1321	3.2863587398E-1	3.6490976886E-1
1322	3.2893772202E-1	3.6537729767E-1
1323	3.2923973265E-1	3.6584514646E-1
1324	3.2954254787E-1	3.6631413538E-1
1325	3.2984524064E-1	3.6678347044E-1
1326	3.3014807121E-1	3.6725384752E-1
1327	3.3045111181E-1	3.6772523416E-1
1328	3.3075463169E-1	3.6819771154E-1
1329	3.3105859453E-1	3.6867003139E-1
1330	3.3136240215E-1	3.6914296001E-1
1331	3.3166646919E-1	3.6961726194E-1
1332	3.3197090845E-1	3.700921901E-1
1333	3.3227497483E-1	3.705676211E-1
1334	3.3257983361E-1	3.7104471926E-1
1335	3.3288480259E-1	3.7152176666E-1
1336	3.3319002642E-1	3.7200005857E-1
1337	3.3349570287E-1	3.7247805049E-1
1338	3.338015966E-1	3.7295770235E-1
1339	3.3410772153E-1	3.7343826277E-1
1340	3.3441333477E-1	3.7391936805E-1
1341	3.3471981895E-1	3.7440092429E-1
1342	3.3502676749E-1	3.7488304323E-1
1343	3.3533319758E-1	3.7536672502E-1
1344	3.3564019361E-1	3.7585103485E-1
1345	3.359477725E-1	3.763360656E-1
1346	3.3625481178E-1	3.7682218709E-1
1347	3.3656280897E-1	3.7730868521E-1
1348	3.3687068957E-1	3.7779533661E-1
1349	3.3718002469E-1	3.7828372409E-1
1350	3.3748872152E-1	3.7877260991E-1
1351	3.3779694747E-1	3.7926182871E-1
1352	3.3810553235E-1	3.7975238213E-1
1353	3.3841483842E-1	3.8024374752E-1
1354	3.3872404269E-1	3.8073491847E-1
1355	3.390344665E-1	3.8122765416E-1
1356	3.39344354E-1	3.8172150447E-1
1357	3.3965439569E-1	3.8221602186E-1
1358	3.399651232E-1	3.8271071163E-1
1359	3.40275977E-1	3.8320611721E-1
1360	3.4058659453E-1	3.8370311747E-1
1361	3.4089805865E-1	3.8420074818E-1
1362	3.4120929545E-1	3.8469869308E-1
1363	3.4152105235E-1	3.8519714103E-1
1364	3.4183340374E-1	3.8569775983E-1
1365	3.4214556832E-1	3.8619848547E-1
1366	3.4245826052E-1	3.8670013409E-1
1367	3.4277135248E-1	3.8720264399E-1
1368	3.4308462554E-1	3.8770580679E-1
1369	3.4339799254E-1	3.8820964012E-1
1370	3.4371140126E-1	3.8871391172E-1
1371	3.4402572404E-1	3.8921933576E-1
1372	3.4434029466E-1	3.897248241E-1
1373	3.4465478991E-1	3.9023205932E-1
1374	3.4496935339E-1	3.9074038207E-1
1375	3.4528433047E-1	3.9124861983E-1
1376	3.4560001472E-1	3.9175837265E-1
1377	3.4591557911E-1	3.9226849487E-1
1378	3.4623150005E-1	3.9277964622E-1
1379	3.4654758745E-1	3.9329175197E-1
1380	3.468639791E-1	3.9380433866E-1
1381	3.4718123104E-1	3.9431805149E-1
1382	3.474988857E-1	3.9483234035E-1
1383	3.4781617561E-1	3.9534776457E-1
1384	3.4813446377E-1	3.9586349481E-1
1385	3.4845223819E-1	3.9638069284E-1
1386	3.4877084163E-1	3.9689694078E-1
1387	3.4908992361E-1	3.9741625516E-1
1388	3.4940831576E-1	3.9793577521E-1
1389	3.4972777082E-1	3.9845600523E-1
1390	3.5004779127E-1	3.9897668941E-1
1391	3.5036808928E-1	3.9949817448E-1
1392	3.5068858101E-1	4.0002083553E-1
1393	3.5100878896E-1	4.0054356673E-1
1394	3.5132984106E-1	4.0106758673E-1
1395	3.5165167947E-1	4.0159292158E-1
1396	3.5197288147E-1	4.0211771703E-1
1397	3.5229493349E-1	4.0264450369E-1
1398	3.5261680191E-1	4.0317246364E-1
1399	3.5293926573E-1	4.0370058037E-1
1400	3.532622599E-1	4.0423005235E-1
1401	3.5358571372E-1	4.0475958472E-1
1402	3.5390934338E-1	4.0529084778E-1
1403	3.5423295782E-1	4.0582196809E-1
1404	3.5455706422E-1	4.0635514706E-1
1405	3.5488192103E-1	4.0688843736E-1
1406	3.5520662823E-1	4.0742228094E-1
1407	3.5553147544E-1	4.0795759265E-1
1408	3.5585743919E-1	4.0849316782E-1
1409	3.5618371122E-1	4.0902996419E-1
1410	3.5650978594E-1	4.0956748527E-1
1411	3.5683589537E-1	4.1010587775E-1
1412	3.5716346715E-1	4.1064511319E-1
1413	3.5749075042E-1	4.1118533542E-1
1414	3.5781860516E-1	4.1172681746E-1
1415	3.5814656259E-1	4.1226873603E-1
1416	3.584749233E-1	4.1281147771E-1
1417	3.5880441967E-1	4.1335511389E-1
1418	3.5913375218E-1	4.1389940895E-1
1419	3.5946264804E-1	4.1444441015E-1
1420	3.5979182553E-1	4.1499083785E-1
1421	3.6012204986E-1	4.1553797116E-1
1422	3.6045199079E-1	4.1608517723E-1
1423	3.6078289266E-1	4.1663407257E-1
1424	3.6111436069E-1	4.171839545E-1
1425	3.6144626032E-1	4.1773417961E-1
1426	3.6177843076E-1	4.1828583132E-1
1427	3.6211070068E-1	4.1883727964E-1
1428	3.6244325726E-1	4.1939035885E-1
1429	3.6277636638E-1	4.1994385262E-1
1430	3.631100217E-1	4.2049901471E-1
1431	3.6344371172E-1	4.2105445002E-1
1432	3.637781001E-1	4.2161175584E-1
1433	3.6411327673E-1	4.2216909919E-1
1434	3.6444843175E-1	4.2272683923E-1
1435	3.6478316374E-1	4.2328598835E-1
1436	3.6511914759E-1	4.2384653174E-1
1437	3.6545557495E-1	4.244073512E-1
1438	3.6579196805E-1	4.2496849996E-1
1439	3.6612944542E-1	4.2553120319E-1
1440	3.6646714216E-1	4.2609538539E-1
1441	3.6680488138E-1	4.2665947608E-1
1442	3.6714279271E-1	4.2722459908E-1
1443	3.6748171287E-1	4.2779112297E-1
1444	3.6782046802E-1	4.2835938584E-1
1445	3.6815968243E-1	4.289267967E-1
1446	3.684997226E-1	4.2949596088E-1
1447	3.6884002463E-1	4.3006546775E-1
1448	3.691806074E-1	4.3063613676E-1
1449	3.6952171758E-1	4.3120744254E-1
1450	3.6986278847E-1	4.3178007496E-1
1451	3.7020475237E-1	4.3235340866E-1
1452	3.7054700136E-1	4.3292847823E-1
1453	3.7088946398E-1	4.3350379441E-1
1454	3.7123277841E-1	4.3408032074E-1
1455	3.7157646984E-1	4.346569608E-1
1456	3.7192070299E-1	4.3523439551E-1
1457	3.7226522152E-1	4.3581295149E-1
1458	3.7261028898E-1	4.3639361319E-1
1459	3.7295539859E-1	4.3697447332E-1
1460	3.733008339E-1	4.3755564769E-1
1461	3.7364724212E-1	4.3813836287E-1
1462	3.7399447223E-1	4.3872194058E-1
1463	3.7434155539E-1	4.3930616364E-1
1464	3.7468905934E-1	4.3989230774E-1
1465	3.750367939E-1	4.4047881409E-1
1466	3.7538553293E-1	4.4106643116E-1
1467	3.7573468336E-1	4.416540046E-1
1468	3.7608403616E-1	4.422432679E-1
1469	3.7643492726E-1	4.4283421957E-1
1470	3.7678527543E-1	4.4342563316E-1
1471	3.7713658421E-1	4.4401757957E-1
1472	3.7748752757E-1	4.446106752E-1
1473	3.7783896429E-1	4.4520531052E-1
1474	3.7819127737E-1	4.4580019744E-1
1475	3.7854371448E-1	4.4639606179E-1
1476	3.7889732325E-1	4.469931029E-1
1477	3.7925067549E-1	4.4759108591E-1
1478	3.7960485226E-1	4.4818935805E-1
1479	3.7995946797E-1	4.4878947592E-1
1480	3.8031409016E-1	4.4939028642E-1
1481	3.8066995002E-1	4.499923704E-1
1482	3.8102646468E-1	4.5059559487E-1
1483	3.8138269327E-1	4.5119872697E-1
1484	3.8173967915E-1	4.518042423E-1
1485	3.8209727005E-1	4.5240975175E-1
1486	3.8245511087E-1	4.5301706905E-1
1487	3.8281368098E-1	4.5362484968E-1
1488	3.8317274099E-1	4.542332491E-1
1489	3.8353236806E-1	4.5484357296E-1
1490	3.8389256881E-1	4.5545381806E-1
1491	3.8425270097E-1	4.5606504079E-1
1492	3.8461384832E-1	4.5667766739E-1
1493	3.8497515162E-1	4.5729218681E-1
1494	3.8533781772E-1	4.5790724071E-1
1495	3.8569949821E-1	4.585228514E-1
1496	3.8606259234E-1	4.5913927461E-1
1497	3.8642618698E-1	4.5975753667E-1
1498	3.8679003828E-1	4.6037622019E-1
1499	3.8715438376E-1	4.609958988E-1
1500	3.8751957114E-1	4.6161686087E-1
1501	3.8788475612E-1	4.6223870081E-1
1502	3.8825152347E-1	4.6286287586E-1
1503	3.8861828533E-1	4.6348555857E-1
1504	3.8898513856E-1	4.6411071799E-1
1505	3.893531918E-1	4.6473774012E-1
1506	3.8972120667E-1	4.6536450697E-1
1507	3.9008955168E-1	4.6599331035E-1
1508	3.9045853203E-1	4.6662225236E-1
1509	3.9082865619E-1	4.6725365662E-1
1510	3.9119883687E-1	4.6788542717E-1
1511	3.9156960219E-1	4.6851801341E-1
1512	3.9194064509E-1	4.6915004284E-1
1513	3.9231224353E-1	4.6978503814E-1
1514	3.9268478009E-1	4.7042083831E-1
1515	3.9305788437E-1	4.7105791163E-1
1516	3.934307228E-1	4.7169507457E-1
1517	3.9380473405E-1	4.7233407743E-1
1518	3.9417965231E-1	4.7297452255E-1
1519	3.9455381283E-1	4.7361487198E-1
1520	3.9492947023E-1	4.7425690811E-1
1521	3.9530569411E-1	4.7490089535E-1
1522	3.9568204083E-1	4.7554455306E-1
1523	3.9605983697E-1	4.7619058202E-1
1524	3.9643725546E-1	4.7683691907E-1
1525	3.9681662263E-1	4.7748371772E-1
1526	3.971957046E-1	4.7813290046E-1
1527	3.9757503629E-1	4.7878296145E-1
1528	3.9795497755E-1	4.7943401711E-1
1529	3.9833626241E-1	4.8008559393E-1
1530	3.9871703182E-1	4.8073896387E-1
1531	3.9909925109E-1	4.8139291612E-1
1532	3.9948192706E-1	4.82048346E-1
1533	3.9986480477E-1	4.827040185E-1
1534	4.0024840125E-1	4.8336098282E-1
1535	4.006321223E-1	4.8401997296E-1
1536	4.0101703701E-1	4.8467896526E-1
1537	4.0140282733E-1	4.8534060248E-1
1538	4.0178882475E-1	4.8600283064E-1
1539	4.0217487475E-1	4.8666538721E-1
1540	4.0256294279E-1	4.8733064216E-1
1541	4.0295082968E-1	4.8799631467E-1
1542	4.0333857785E-1	4.8866243199E-1
1543	4.0372747166E-1	4.8933040002E-1
1544	4.0411756146E-1	4.8999985062E-1
1545	4.0450799413E-1	4.9066918508E-1
1546	4.0489953619E-1	4.9134081036E-1
1547	4.0529025527E-1	4.9201277927E-1
1548	4.0568223475E-1	4.9268607688E-1
1549	4.060758855E-1	4.9336035493E-1
1550	4.0646849441E-1	4.9403616926E-1
1551	4.0686264874E-1	4.9471232676E-1
1552	4.072577212E-1	4.95391017E-1
1553	4.0765291833E-1	4.960707289E-1
1554	4.0804924634E-1	4.9675101774E-1
1555	4.084451609E-1	4.9743231982E-1
1556	4.0884221065E-1	4.9811351315E-1
1557	4.0924152697E-1	4.9879814751E-1
1558	4.09639134E-1	4.9948361931E-1
1559	4.1003930327E-1	5.0016949979E-1
1560	4.1043886631E-1	5.0085832184E-1
1561	4.1083909114E-1	5.0154735991E-1
1562	4.1124088695E-1	5.0223813108E-1
1563	4.1164235467E-1	5.0292920966E-1
1564	4.1204573379E-1	5.0362142804E-1
1565	4.1244869871E-1	5.0431595644E-1
1566	4.1285281967E-1	5.0501071323E-1
1567	4.1325831163E-1	5.0570606391E-1
1568	4.1366338412E-1	5.0640420452E-1
1569	4.1406893023E-1	5.0710223664E-1
1570	4.1447614177E-1	5.0780207491E-1
1571	4.1488387752E-1	5.0850363952E-1
1572	4.1529229153E-1	5.092055645E-1
1573	4.1570087862E-1	5.0990943307E-1
1574	4.1611077801E-1	5.1061595705E-1
1575	4.1652129004E-1	5.1132062975E-1
1576	4.1693225577E-1	5.1202864256E-1
1577	4.1734390703E-1	5.1273851289E-1
1578	4.1775644511E-1	5.134485525E-1
1579	4.1816968864E-1	5.1416116604E-1
1580	4.185834518E-1	5.1487396192E-1
1581	4.1899761562E-1	5.1558781567E-1
1582	4.1941335424E-1	5.1630375724E-1
1583	4.1982989109E-1	5.1702069372E-1
1584	4.202463254E-1	5.1773815903E-1
1585	4.2066401176E-1	5.1845785534E-1
1586	4.2108257276E-1	5.1917877813E-1
1587	4.2150202577E-1	5.1990195548E-1
1588	4.2192247985E-1	5.2062508967E-1
1589	4.2234289852E-1	5.2134953409E-1
1590	4.2276483917E-1	5.2207547835E-1
1591	4.2318730342E-1	5.2280369537E-1
1592	4.2360973235E-1	5.235323693E-1
1593	4.2403355933E-1	5.2426337004E-1
1594	4.2445799991E-1	5.2499486004E-1
1595	4.2488352243E-1	5.257281902E-1
1596	4.2530987188E-1	5.2646278137E-1
1597	4.2573648148E-1	5.2719860353E-1
1598	4.2616455616E-1	5.2793666549E-1
1599	4.2659364754E-1	5.2867580803E-1
1600	4.2702268036E-1	5.294156922E-1
1601	4.2745294594E-1	5.3015695295E-1
1602	4.2788503517E-1	5.3090019999E-1
1603	4.2831673937E-1	5.3164384519E-1
1604	4.2875003031E-1	5.3239037483E-1
1605	4.291833936E-1	5.3313734184E-1
1606	4.2961769176E-1	5.3388666689E-1
1607	4.3005389879E-1	5.3463756918E-1
1608	4.3048922506E-1	5.3538919767E-1
1609	4.309262316E-1	5.3614276874E-1
1610	4.3136401923E-1	5.3689745372E-1
1611	4.3180334371E-1	5.3765346945E-1
1612	4.3224314545E-1	5.3841086796E-1
1613	4.3268237961E-1	5.3916982936E-1
1614	4.3312467058E-1	5.3993218753E-1
1615	4.3356714524E-1	5.4069419729E-1
1616	4.3400982372E-1	5.4145795264E-1
1617	4.3445349535E-1	5.4222396072E-1
1618	4.3489847749E-1	5.4299037214E-1
1619	4.3534426106E-1	5.4375999237E-1
1620	4.3579032033E-1	5.4452965421E-1
1621	4.3623822003E-1	5.4530188909E-1
1622	4.3668687355E-1	5.4607583296E-1
1623	4.3713659749E-1	5.4684955404E-1
1624	4.3758622505E-1	5.4762466633E-1
1625	4.3803768467E-1	5.4840332729E-1
1626	4.3848965763E-1	5.4918280837E-1
1627	4.389428224E-1	5.4996373323E-1
1628	4.3939676992E-1	5.5074686549E-1
1629	4.3985135176E-1	5.5152988355E-1
1630	4.4030818915E-1	5.5231666069E-1
1631	4.4076444492E-1	5.5310314818E-1
1632	4.4122232549E-1	5.5389224628E-1
1633	4.4168053763E-1	5.5468349579E-1
1634	4.4214089876E-1	5.5547509353E-1
1635	4.4260131675E-1	5.5627080439E-1
1636	4.4306371622E-1	5.5706558035E-1
1637	4.4352570414E-1	5.5786347381E-1
1638	4.4399059395E-1	5.5866295134E-1
1639	4.4445432478E-1	5.5946470815E-1
1640	4.449220672E-1	5.6026703149E-1
1641	4.453873094E-1	5.6107061472E-1
1642	4.4585799819E-1	5.6187636981E-1
1643	4.4632577865E-1	5.6268353116E-1
1644	4.4679809209E-1	5.6349248424E-1
1645	4.4726813107E-1	5.6430469081E-1
1646	4.4774099675E-1	5.6511743648E-1
1647	4.4821310559E-1	5.6593253451E-1
1648	4.486867759E-1	5.6674801133E-1
1649	4.4916175652E-1	5.6756626615E-1
1650	4.4963793265E-1	5.6838617344E-1
1651	4.5011472445E-1	5.6920773708E-1
1652	4.5059251611E-1	5.7003208152E-1
1653	4.5107317041E-1	5.7085727176E-1
1654	4.5155505982E-1	5.7168538613E-1
1655	4.5203646347E-1	5.7251531756E-1
1656	4.5252064915E-1	5.733466872E-1
1657	4.5300321419E-1	5.7417966492E-1
1658	4.5349162921E-1	5.7501406334E-1
1659	4.5397705661E-1	5.7584995103E-1
1660	4.5446818228E-1	5.7668898977E-1
1661	4.5495627182E-1	5.775290094E-1
1662	4.5545159646E-1	5.783704949E-1
1663	4.5594377604E-1	5.7921505138E-1
1664	4.5644038091E-1	5.8006191237E-1
1665	4.5693859181E-1	5.809091604E-1
1666	4.5743633985E-1	5.8176030018E-1
1667	4.5793843046E-1	5.8261262995E-1
1668	4.5843838675E-1	5.8346661903E-1
1669	4.5894775082E-1	5.8432272133E-1
1670	4.594512969E-1	5.8518248707E-1
1671	4.5997013448E-1	5.8604242517E-1
1672	4.604748484E-1	5.8690447936E-1
1673	4.6099703482E-1	5.8776849656E-1
1674	4.6150600172E-1	5.8863334533E-1
1675	4.620365919E-1	5.8950177877E-1
1676	4.6254662022E-1	5.9037087105E-1
1677	4.6309433361E-1	5.9124573764E-1
1678	4.6361444794E-1	5.9211966299E-1
1679	4.6417892378E-1	5.9299792589E-1
1680	4.6471221367E-1	5.9387616538E-1
1681	4.6529646164E-1	5.9476046006E-1
1682	4.6583620549E-1	5.9564060822E-1
1683	4.6644002792E-1	5.9652938486E-1
1684	4.6700240543E-1	5.9741492335E-1
1685	4.676295109E-1	5.9830771212E-1
1686	4.6821380528E-1	5.9919741084E-1
1687	4.6886362362E-1	6.0009450513E-1
1688	4.6947495892E-1	6.0099003213E-1
1689	4.7021858782E-1	6.0189035073E-1
1690	4.7082096082E-1	6.0279172646E-1
1691	4.7156159034E-1	6.0369915097E-1
1692	4.7225866321E-1	6.0460894134E-1
1693	4.7312099418E-1	6.0552021629E-1
1694	4.7396910634E-1	6.0643538455E-1
1695	4.7510135363E-1	6.0735247608E-1
1696	4.7604985914E-1	6.0827434088E-1
1697	4.7740835969E-1	6.0919671725E-1
1698	4.7877936572E-1	6.1013117176E-1
1699	4.8052210682E-1	6.1106662527E-1
1700	4.8243078435E-1	6.1200196611E-1
1701	4.8414750018E-1	6.1295072462E-1
1702	4.8808163314E-1	6.1389414958E-1
1703	4.9197515667E-1	6.1484868106E-1
1704	4.9963789568E-1	6.1579890946E-1
1705	5.0706276538E-1	6.1677598346E-1
1706	5.2272900875E-1	6.1774136282E-1
1707	5.4853259499E-1	6.1872892973E-1
1708	5.8124693571E-1	6.1970597211E-1
1709	6.9518893531E-1	6.2071395761E-1
1710	1.0708598658E0	6.2171538304E-1
1711	3.2324597728E0	6.2274296221E-1
1712	7.6940567723E0	6.2375960223E-1
1713	1.2144803559E1	6.2482731973E-1
1714	2.1915197189E1	6.2587341097E-1
1715	2.2521428163E1	6.2697970912E-1
1716	2.26503568E1	6.2807681988E-1
1717	2.3060224229E1	6.2921961932E-1
1718	2.3453035746E1	6.3036124216E-1
1719	2.4222343238E1	6.3158411988E-1
1720	2.4680333497E1	6.3278940682E-1
1721	2.5132207816E1	6.3407230595E-1
1722	2.6576590391E1	6.353482923E-1
1723	2.7824729952E1	6.3683535491E-1
1724	3.9488720126E1	6.3821749978E-1
1725	4.002041558E1	6.3976995831E-1
1726	4.1684999388E1	6.4142437222E-1
1727	4.2331222937E1	6.4333613436E-1
1728	4.2481453746E1	6.4530520649E-1
1729	4.2792061487E1	6.4746402731E-1
1730	4.3633153628E1	6.5016041437E-1
1731	4.5297690151E1	6.5281110949E-1
1732	4.7080018888E1	6.5577395317E-1
1733	5.0437887188E1	6.6006791422E-1
1734	5.1653307754E1	6.6490663388E-1
1735	5.4154948376E1	6.7060329757E-1
1736	5.7865042762E1	6.7888503047E-1
1737	6.1502208176E1	6.8701959183E-1
1738	6.6500647365E1	6.9938828857E-1
1739	7.1891661064E1	7.1743993639E-1
1740	7.220409892E1	7.4985456924E-1
1741	9.1061048924E1	8.2137389594E-1
1742	9.196031354E1	9.6801625643E-1
1743	1.4537461728E2	1.3977040627E0
1744	4.6356637461E2	3.2439348477E0
1745	9.5146377145E2	1.2598847581E1
1746	9.6420053262E2	2.4347125068E1
1747	1.2569797756E3	4.0799308173E1
1748	1.5604379995E4	2.3380125729E2
1749	3.5568562643E4	3.568008933E2
1750	3.6013960681E4	3.6812998784E2
1751	3.7317640146E4	3.7640927291E2
1752	5.3048884811E5	3.7695037894E2
1753	1.2379794211E6	3.7766379257E2
1754	9.0748795046E6	3.7958300969E2
1755	1.0909228963E8	3.8511742112E2
1756	1.1057408858E8	4.1929834344E2
1757	2.3600279755E8	6.864027261E2
1758	2.3819482143E8	6.9144879572E2
1759	6.12510023E8	7.1116378655E2
1760	6.1926981121E8	7.1225298125E2
1761	6.1926981158E8	7.1277628998E2
1762	6.1926981383E8	7.146199322E2
1763	6.1926981515E8	7.2010462768E2
1764	6.1926981566E8	7.2986276984E2
1765	6.1926981895E8	7.3712043694E2
1766	6.1926982467E8	7.5689444101E2
1767	6.1926984912E8	7.6911567833E2
1768	6.1926985089E8	7.7553082126E2
1769	6.1926986004E8	7.7716694543E2
1770	6.1926986211E8	7.8247510517E2
1771	6.1926989509E8	7.9145357646E2
1772	6.1927004905E8	7.9891003388E2
1773	6.1927010442E8	8.0271900777E2
1774	6.1927015833E8	8.096971316E2
1775	6.1927048696E8	8.1783935792E2
1776	6.1927051111E8	8.6747507061E2
1777	6.1927127068E8	8.7946120424E2
1778	6.1927153423E8	8.9317661924E2
1779	6.1927255725E8	8.9431223332E2
1780	6.192725804E8	8.9582446328E2
1781	6.1927479986E8	8.9745595138E2
1782	6.1927484325E8	8.9866173876E2
1783	6.192796138E8	9.0387129837E2
1784	6.1927970712E8	9.0560478657E2
1785	6.1928959693E8	9.0877753534E2
1786	6.1928978851E8	9.116288453E2
1787	6.1930917015E8	9.4603751404E2
1788	6.1930955142E8	9.5175486696E2
1789	6.1935242966E8	9.9522123736E2
1790	6.1935322471E8	1.0026812652E3
1791	6.1943233122E8	1.0915448525E3
1792	6.1943388365E8	1.0958513561E3
1793	6.1959743456E8	1.0977695158E3
1794	6.1960052849E8	1.157030898E3
1795	6.1990494752E8	1.6683637362E3
1796	6.1991102729E8	1.9651132694E3
1797	6.2053962693E8	1.976124075E3
1798	6.2055154299E8	2.1722677224E3
1799	6.2180602202E8	2.1977593379E3
1800	6.2183015236E8	2.2465097194E3
1801	6.2432250565E8	2.4056290119E3
1802	6.2437062227E8	2.4305623632E3
1803	6.2934878247E8	2.5155368096E3
1804	6.2944461631E8	2.5764640533E3
1805	6.3933989129E8	3.1460809528E3
1806	6.3953104345E8	3.3614765728E3
1807	6.5903870898E8	5.5749675342E3
1808	6.594175962E8	5.8350668657E3
1809	6.9797949501E8	1.235727132E4
1810	7.1108325217E8	1.398034401E4
1811	7.9274321468E8	2.9982585461E4
1812	7.9427620509E8	3.6746876253E4
1813	9.5832813651E8	8.4107781513E4
1814	9.6149251714E8	3.006442475E5
1815	1.2980218523E9	5.107632228E5
1816	1.3045452137E9	1.5447030407E6
1817	1.9930049884E9	1.3420566869E7
1818	2.006924201E9	1.3531851035E7
1819	3.3727136789E9	1.3880872771E7
1820	3.4059648222E9	1.3942271428E7
1821	6.2111615047E9	1.4562239729E7
1822	6.3277315671E9	1.4663127921E7
1823	1.2146804976E10	1.6022116907E7
1824	1.2864667756E10	1.6139737412E7
1825	2.5490439159E10	1.8769925626E7
1826	3.1395021019E10	1.9389984234E7
1827	6.2450035784E10	2.4610400483E7
1828	1.1673666064E11	3.0233785599E7
1829	1.9233336264E11	4.041782464E7
1830	7.0650421701E11	5.8410537041E7
1831	8.7828490064E11	7.8610843351E7
1832	5.3973279932E12	2.4385064101E8
1833	5.7747458743E12	2.8821510362E8
1834	4.7461830319E13	1.1463900296E9
1835	4.8794069606E13	1.2484209807E9
1836	4.8807679275E13	1.0022605995E10
1837	5.0578487773E13	1.0291693496E10
1838	5.0610545221E13	3.5291841272E10
1839	5.4638634487E13	3.6170374386E10
1840	5.4712860167E13	1.5482972976E11
1841	6.3806099931E13	1.5744775597E11
1842	6.3974251152E13	1.3604651123E12
1843	8.6210577991E13	1.3743374724E12
1844	8.660510989E13	5.3513286029E12
1845	1.3904279687E14	5.4288497404E12
1846	1.3998981129E14	3.8442251605E13
1847	2.8160433755E14	3.8835716485E13
1848	2.8398881356E14	2.4987212875E14
1849	6.9379044129E14	2.526703431E14
1850	7.0040220844E14	2.6431270121E15
1851	1.945537504E15	2.6661002762E15
1852	1.9649523588E15	5.8093078044E15
1853	5.3292813331E15	7.2265976702E15
1854	5.3849174912E15	4.0091381335E16
1855	1.4510134592E16	4.0467199505E16
1856	1.466123683E16	3.2341206608E17
1857	3.7981808639E16	3.254288284E17
1858	3.8380378708E16	3.2542897883E17
1859	9.7708790135E16	3.2542948265E17
1860	9.8724315527E16	3.2542950162E17
1861	2.6053470208E17	3.2543068021E17
1862	2.6320403919E17	3.2543072812E17
1863	6.5605624506E17	3.2543409989E17
1864	6.6295724215E17	3.2543576501E17
1865	1.7763248636E18	3.2544414921E17
1866	1.794439642E18	3.2544444538E17
1867	5.100004739E18	3.2546314824E17
1868	5.1521481062E18	3.2546416209E17
1869	1.5576181687E19	3.2551279373E17
1870	1.5734976943E19	3.2577732432E17
1871	5.1027389881E19	3.2586665139E17
1872	5.1543082227E19	3.2587336494E17
1873	1.9505265797E20	3.2604711932E17
1874	1.9694613954E20	3.2607779785E17
1875	7.2119527709E20	3.2671992787E17
1876	7.2847580501E20	3.2676959082E17
1877	2.9180997031E21	3.2775298085E17
1878	2.9464095241E21	3.2798028373E17
1879	1.1384623184E22	3.3116752811E17
1880	1.1497949368E22	3.3173690957E17
1881	4.4999970095E22	3.6474373131E17
1882	4.5443143516E22	3.677002207E17
1883	2.097116323E23	4.0544969102E17
1884	2.116469602E23	4.0955904084E17
1885	8.9188818868E23	5.4400759743E17
1886	9.0061410118E23	5.5580204296E17
1887	3.7935190552E24	1.0373056433E18
1888	3.8302180822E24	1.0728636556E18
1889	1.7824764058E25	2.8072969101E18
1890	1.7990005517E25	2.9331955594E18
1891	7.5332729558E25	9.6275770687E18
1892	7.6071395903E25	1.0090034158E19
1893	3.5648997344E26	3.4830534907E19
1894	3.5978863277E26	3.678134689E19
1895	1.4714995818E27	1.4919929201E20
1896	1.4860641472E27	1.5681419774E20
1897	6.7247292154E27	6.0275535475E20
1898	6.7875281887E27	6.2832220741E20
1899	4.3247485202E28	2.454586906E21
1900	4.35984387E28	2.5561088231E21
1901	2.0532746239E29	1.2608416292E22
1902	2.0730000942E29	1.3037586521E22
1903	1.4724945817E30	5.7151961159E22
1904	1.4839505577E30	5.9089916089E22
1905	6.8170258071E30	3.1590490151E23
1906	6.8836878857E30	3.2483699352E23
1907	4.2514622067E31	4.4845484976E23
1908	4.2866143704E31	4.8012257152E23
1909	2.6998961831E32	4.8051584027E23
1910	2.722637148E32	5.6808585123E23
1911	2.722637148E32	5.6925951067E23
1912	2.722637148E32	1.0463476817E24
1913	2.722637148E32	1.0549739496E24
1914	2.722637148E32	3.2775607213E24
1915	2.722637148E32	3.3014584938E24
1916	2.722637148E32	1.3984126884E25
1917	2.7226374519E32	1.4218720932E25
1918	2.7226374571E32	6.322007674E25
1919	2.7226374571E32	6.3727786482E25
1920	2.7226374571E32	1.9899368242E26
1921	2.7226374571E32	2.0188921438E26
1922	2.7226374571E32	8.2521379771E26
1923	2.7226374571E32	8.320840329E26
1924	2.7226374571E32	1.1878061889E27
1925	2.7226374571E32	1.2008910448E27
1926	2.7226374571E32	1.2008910448E27
1927	2.7226374571E32	1.2008910448E27
1928	2.7226374571E32	1.2008910448E27
1929	2.7226374571E32	1.2008910448E27
1930	2.7226374571E32	1.2008910448E27
1931	2.7226374571E32	1.2008910448E27
1932	2.7226374571E32	1.2008910448E27
1933	2.7226374571E32	1.2008910448E27
1934	2.7226374571E32	1.2008910448E27
1935	2.7226374571E32	1.2008910448E27
1936	2.7226374571E32	1.2008910448E27
1937	2.7226374571E32	1.2008910448E27
1938	2.7226374571E32	1.2008910448E27
1939	2.7226374571E32	1.2008910448E27
1940	2.7226374571E32	1.2008910448E27
1941	2.7226374571E32	1.2008910448E27
1942	2.7226374571E32	1.2008910448E27
1943	2.7226374571E32	1.2008910448E27
1944	2.7226374571E32	1.2008910448E27
1945	2.7226374571E32	1.2008910449E27
1946	2.7226374571E32	1.2008910449E27
1947	2.7226374571E32	1.2008910449E27
1948	2.7226374571E32	1.2008910453E27
1949	2.7226374571E32	1.2008910459E27
1950	2.7226374571E32	1.2008910482E27
1951	2.7226374571E32	1.2008910557E27
1952	2.7226374571E32	1.2008911076E27
1953	2.7226374571E32	1.2008911966E27
1954	2.7226374572E32	1.2008915931E27
1955	2.7226374572E32	1.2008928654E27
1956	2.7226374572E32	1.2009012231E27
1957	2.7226374572E32	1.2009127082E27
1958	2.7226374572E32	1.2009653818E27
1959	2.7226374572E32	1.2011091797E27
1960	2.7226374572E32	1.2021109189E27
1961	2.7226374572E32	1.203745074E27
1962	2.7226374572E32	1.2111849988E27
1963	2.7226374572E32	1.2335777432E27
1964	2.7226374572E32	1.382209582E27
1965	2.7226374572E32	1.6011501992E27
1966	2.7226374572E32	2.6692918688E27
1967	2.7226374572E32	5.5254399905E27
1968	2.7226374572E32	2.8248028315E28
1969	2.7226374572E32	2.8668507372E28
1970	2.7226374572E32	2.8668514544E28
1971	2.7226374572E32	2.8668514544E28
1972	2.7226374572E32	2.8668514544E28
1973	2.7226374572E32	2.8668514544E28
1974	2.7226374572E32	2.8668514546E28
1975	2.7226374572E32	2.8668514546E28
1976	2.7226374572E32	2.866851456E28
1977	2.7226374572E32	2.866851456E28
1978	2.7226374572E32	2.8668514674E28
1979	2.7226374572E32	2.8668514675E28
1980	2.7226374572E32	2.8668515622E28
1981	2.7226374572E32	2.8668515635E28
1982	2.7226374572E32	2.8668523362E28
1983	2.7226374572E32	2.8668523473E28
1984	2.7226374572E32	2.8668580739E28
1985	2.7226374572E32	2.8668581581E28
1986	2.7226374572E32	2.8669045247E28
1987	2.7226374572E32	2.8669051983E28
1988	2.7226374572E32	2.8672417574E28
1989	2.7226374572E32	2.8672466897E28
1990	2.7226374572E32	2.8699093801E28
1991	2.7226374572E32	2.8699480288E28
1992	2.7226374572E32	2.8922619036E28
1993	2.7226374572E32	2.8925838192E28
1994	2.7226374572E32	3.0681942294E28
1995	2.7226374572E32	3.0707173513E28
1996	2.7226374572E32	4.5371158212E28
1997	2.7226374572E32	4.5578636876E28
1998	2.7226374572E32	1.711871227E29
1999	2.7226374572E32	1.7295872949E29
2000	2.7226374572E32	1.2050275149E30
2001	2.7226374572E32	1.2198874868E30
2002	2.7226374572E32	9.8895931841E30
2003	2.7226374572E32	1.0013092063E31
2004	2.7226374572E32	8.0974984394E31
2005	2.7226374572E32	8.1991527041E31
2006	2.7226374572E32	6.3318512121E32
2007	2.7226374572E32	6.4124366653E32
2008	2.7226374572E32	5.0381283925E33
2009	2.7226374572E32	5.1016492042E33
2010	2.7226374572E32	4.6376215506E34
2011	2.7226374572E32	4.6917467234E34
2012	2.7226374572E32	3.5854423988E35
2013	2.7226374572E32	3.6299812591E35
2014	2.7226374572E32	2.9627961514E36
2015	2.7226374572E32	2.9981081502E36
2016	2.7226374572E32	2.4003597444E37
2017	2.7226374572E32	2.428988311E37
2018	2.7226374572E32	1.8378841814E38
2019	2.7226374572E32	1.8601780332E38
2020	2.7226374572E32	1.4047882109E39
2021	2.7226374572E32	1.4217238815E39
2022	2.7226374572E32	1.0960529694E40
2023	2.7226374572E32	1.1090398085E40
2024	2.7226374572E32	1.0110337785E41
2025	2.7226374572E32	1.0219714937E41
2026	2.7226374572E32	7.7935968072E41
2027	2.7226374572E32	7.8836738698E41
2028	2.7226374572E32	5.9523032996E42
2029	2.7226374572E32	6.0206488047E42
2030	2.7226374572E32	4.3687778601E43
2031	2.7226374572E32	4.4195777377E43
2032	2.7226374572E32	3.3000656616E44
2033	2.7226374572E32	3.3373762882E44
2034	2.7226374572E32	2.5131732467E45
2035	2.7226374572E32	2.5411483222E45
2036	2.7226374572E32	1.90342624E46
2037	2.7226374572E32	1.9243746942E46
2038	2.7226374572E32	1.4531351975E47
2039	2.7226374572E32	1.4689907383E47
2040	2.7226374572E32	1.2940101635E48
2041	2.7226374572E32	1.3069680693E48
2042	2.7226374572E32	1.0051148768E49
2043	2.7226374572E32	1.0157402827E49
2044	2.7226374572E32	7.9589212906E49
2045	2.7226374572E32	8.0411025562E49
2046	2.7226374572E32	5.3127685089E50
2047	2.7226374572E32	5.3710498873E50
2048	2.7226374572E32	4.4345574019E51
2049	2.7226374572E32	4.4780894207E51
2050	2.7226374572E32	3.4134287187E52
2051	2.7226374572E32	3.4478148239E52
2052	2.7226374572E32	2.9272722001E53
2053	2.7226374572E32	2.9545978942E53
2054	2.7226374572E32	2.3880424721E54
2055	2.7226374572E32	2.4105977925E54
2056	2.7226374572E32	1.7995743756E55
2057	2.7226374572E32	1.8168837414E55
2058	2.7226374572E32	1.3603468711E56
2059	2.7226374572E32	1.3731585101E56
2060	2.7226374572E32	6.5812584193E56
2061	2.7226374572E32	6.6575306577E56
2062	2.7226374572E32	6.6575306577E56
2063	2.7226374572E32	6.6575306577E56
2064	2.7226374572E32	6.6575306577E56
2065	2.7226374572E32	6.6575306577E56
2066	2.7226374572E32	6.6575306577E56
2067	2.7226374572E32	6.6575306577E56
2068	2.7226374572E32	6.6575306577E56
2069	2.7226374572E32	6.6575306577E56
2070	2.7226374572E32	6.6575306577E56
2071	2.7226374572E32	6.6575306577E56
2072	2.7226374572E32	6.6575306577E56
2073	2.7226374572E32	6.6575306577E56
2074	2.7226374572E32	6.6575306577E56
2075	2.7226374572E32	6.6575306577E56
2076	2.7226374572E32	6.6575306577E56
2077	2.7226374572E32	6.6575306577E56
2078	2.7226374572E32	6.6575306577E56
2079	2.7226374572E32	6.6575306577E56
2080	2.7226374572E32	6.6575306577E56
2081	2.7226374572E32	6.6575306577E56
2082	2.7226374572E32	6.6575306577E56
2083	2.7226374572E32	6.6575306577E56
2084	2.7226374572E32	6.6575306577E56
2085	2.7226374572E32	6.6575306577E56
2086	2.7226374572E32	6.6575306577E56
2087	2.7226374572E32	6.6575306577E56
2088	2.7226374572E32	6.6575306577E56
2089	2.7226374572E32	6.6575306577E56
2090	2.7226374572E32	6.6575306577E56
2091	2.7226374572E32	6.6575306577E56
2092	2.7226374572E32	6.6575306577E56
2093	2.7226374572E32	6.6575306577E56
2094	2.7226374572E32	6.6575306577E56
2095	2.7226374572E32	6.6575306577E56
2096	2.7226374572E32	6.6575306577E56
2097	2.7226374572E32	6.6575306577E56
2098	2.7226374572E32	6.6575306577E56
2099	2.7226374572E32	6.6575306577E56
2100	2.7226374572E32	6.6575306577E56
2101	2.7226374572E32	6.6575306577E56
2102	2.7226374572E32	6.6575306577E56
2103	2.7226374572E32	6.6575306577E56
2104	2.7226374572E32	6.6575306577E56
2105	2.7226374572E32	6.6575306577E56
2106	2.7226374572E32	6.6575306577E56
2107	2.7226374572E32	6.6575306577E56
2108	2.7226374572E32	6.6575306577E56
2109	2.7226374572E32	6.6575306577E56
2110	2.7226374572E32	6.6575306577E56
2111	2.7226374572E32	6.6575306577E56
2112	2.7226374572E32	6.6575306577E56
2113	2.7226374572E32	6.6575306577E56
2114	2.7226374572E32	6.6575306577E56
2115	2.7226374572E32	6.6575306577E56
2116	2.7226374572E32	6.6575306577E56
2117	2.7226374572E32	6.6575306577E56
2118	2.7226374572E32	6.6575306577E56
2119	2.7226374572E32	6.6575306577E56
2120	2.7226374572E32	6.6575306577E56
2121	2.7226374572E32	6.6575306577E56
2122	2.7226374572E32	6.6575306577E56
2123	2.7226374572E32	6.6575306577E56
2124	2.7226374572E32	6.6575306577E56
2125	2.7226374572E32	6.6575306577E56
2126	2.7226374572E32	6.6575306577E56
2127	2.7226374572E32	6.6575306577E56
2128	2.7226374572E32	6.6575306577E56
2129	2.7226374572E32	6.6575306577E56
2130	2.7226374572E32	6.6575306577E56
2131	2.7226374572E32	6.6575306577E56
2132	2.7226374572E32	6.6575306577E56
2133	2.7226374572E32	6.6575306577E56
2134	2.7226374572E32	6.6575306577E56
2135	2.7226374572E32	6.6575306577E56
2136	2.7226374572E32	6.6575306577E56
2137	2.7226374572E32	6.6575306577E56
2138	2.7226374572E32	6.6575306577E56
2139	2.7226374572E32	6.6575306577E56
2140	2.7226374572E32	6.6575306577E56
2141	2.7226374572E32	6.6575306577E56
2142	2.7226374572E32	6.6575306577E56
2143	2.7226374572E32	6.6575306577E56
2144	2.7226374572E32	6.6575306577E56
2145	2.7226374572E32	6.6575306577E56
2146	2.7226374572E32	6.6575306577E56
2147	2.7226374572E32	6.6575306577E56
2148	2.7226374572E32	6.6575306577E56
2149	2.7226374572E32	6.6575306577E56
2150	2.7226374572E32	6.6575306577E56
2151	2.7226374572E32	6.6575306577E56
2152	2.7226374572E32	6.6575306577E56
2153	2.7226374572E32	6.6575306577E56
2154	2.7226374572E32	6.6575306577E56
2155	2.7226374572E32	6.6575306577E56
2156	2.7226374572E32	6.6575306577E56
2157	2.7226374572E32	6.6575306577E56
2158	2.7226374572E32	6.6575306577E56
2159	2.7226374572E32	6.6575306577E56
2160	2.7226374572E32	6.6575306577E56
2161	2.7226374572E32	6.6575306577E56
2162	2.7226374572E32	6.6575306577E56
2163	2.7226374572E32	6.6575306577E56
2164	2.7226374572E32	6.6575306577E56
2165	2.7226374572E32	6.6575306577E56
2166	2.7226374572E32	6.6575306577E56
2167	2.7226374572E32	6.6575306577E56
2168	2.7226374572E32	6.6575306577E56
2169	2.7226374572E32	6.6575306577E56
2170	2.7226374572E32	6.6575306577E56
2171	2.7226374572E32	6.6575306577E56
2172	2.7226374572E32	6.6575306577E56
2173	2.7226374572E32	6.6575306577E56
2174	2.7226374572E32	6.6575306577E56
2175	2.7226374572E32	6.6575306577E56
2176	2.7226374572E32	6.6575306577E56
2177	2.7226374572E32	6.6575306577E56
2178	2.7226374572E32	6.6575306577E56
2179	2.7226374572E32	6.6575306577E56
2180	2.7226374572E32	6.6575306577E56
2181	2.7226374572E32	6.6575306577E56
2182	2.7226374572E32	6.6575306577E56
2183	2.7226374572E32	6.6575306577E56
2184	2.7226374572E32	6.6575306577E56
2185	2.7226374572E32	6.6575306577E56
2186	2.7226374572E32	6.6575306577E56
2187	2.7226374572E32	6.6575306577E56
2188	2.7226374572E32	6.6575306577E56
2189	2.7226374572E32	6.6575306577E56
2190	2.7226374572E32	6.6575306577E56
2191	2.7226374572E32	6.6575306577E56
2192	2.7226374572E32	6.6575306577E56
2193	2.7226374572E32	6.6575306577E56
2194	2.7226374572E32	6.6575306577E56
2195	2.7226374572E32	6.6575306577E56
2196	2.7226374572E32	6.6575306577E56
2197	2.7226374572E32	6.6575306577E56
2198	2.7226374572E32	6.6575306577E56
2199	2.7226374572E32	6.6575306577E56
2200	2.7226374572E32	6.6575306577E56
2201	2.7226374572E32	6.6575306577E56
2202	2.7226374572E32	6.6575306577E56
2203	2.7226374572E32	6.6575306577E56
2204	2.7226374572E32	6.6575306577E56
2205	2.7226374572E32	6.6575306577E56
2206	2.7226374572E32	6.6575306577E56
2207	2.7226374572E32	6.6575306577E56
2208	2.7226374572E32	6.6575306577E56
2209	2.7226374572E32	6.6575306577E56
2210	2.7226374572E32	6.6575306577E56
2211	2.7226374572E32	6.6575306577E56
2212	2.7226374572E32	6.6575306577E56
2213	2.7226374572E32	6.6575306577E56
2214	2.7226374572E32	6.6575306577E56
2215	2.7226374572E32	6.6575306577E56
2216	2.7226374572E32	6.6575306577E56
2217	2.7226374572E32	6.6575306577E56
2218	2.7226374572E32	6.6575306577E56
2219	2.7226374572E32	6.6575306577E56
2220	2.7226374572E32	6.6575306577E56
2221	2.7226374572E32	6.6575306577E56
2222	2.7226374572E32	6.6575306577E56
2223	2.7226374572E32	6.6575306577E56
2224	2.7226374572E32	6.6575306577E56
2225	2.7226374572E32	6.6575306577E56
2226	2.7226374572E32	6.6575306577E56
2227	2.7226374572E32	6.6575306577E56
2228	2.7226374572E32	6.6575306577E56
2229	2.7226374572E32	6.6575306577E56
2230	2.7226374572E32	6.6575306577E56
2231	2.7226374572E32	6.6575306577E56
2232	2.7226374572E32	6.6575306577E56
2233	2.7226374572E32	6.6575306577E56
2234	2.7226374572E32	6.6575306577E56
2235	2.7226374572E32	6.6575306577E56
2236	2.7226374572E32	6.6575306577E56
2237	2.7226374572E32	6.6575306577E56
2238	2.7226374572E32	6.6575306577E56
2239	2.7226374572E32	6.6575306577E56
2240	2.7226374572E32	6.6575306577E56
2241	2.7226374572E32	6.6575306577E56
2242	2.7226374572E32	6.6575306577E56
2243	2.7226374572E32	6.6575306577E56
2244	2.7226374572E32	6.6575306577E56
2245	2.7226374572E32	6.6575306577E56
2246	2.7226374572E32	6.6575306577E56
2247	2.7226374572E32	6.6575306577E56
2248	2.7226374572E32	6.6575306577E56
2249	2.7226374572E32	6.6575306577E56
2250	2.7226374572E32	6.6575306577E56
2251	2.7226374572E32	6.6575306577E56
2252	2.7226374572E32	6.6575306577E56
2253	2.7226374572E32	6.6575306577E56
2254	2.7226374572E32	6.6575306577E56
2255	2.7226374572E32	6.6575306577E56
2256	2.7226374572E32	6.6575306577E56
2257	2.7226374572E32	6.6575306577E56
2258	2.7226374572E32	6.6575306577E56
2259	2.7226374572E32	6.6575306577E56
2260	2.7226374572E32	6.6575306577E56
2261	2.7226374572E32	6.6575306577E56
2262	2.7226374572E32	6.6575306577E56
2263	2.7226374572E32	6.6575306577E56
2264	2.7226374572E32	6.6575306577E56
2265	2.7226374572E32	6.6575306577E56
2266	2.7226374572E32	6.6575306577E56
2267	2.7226374572E32	6.6575306577E56
2268	2.7226374572E32	6.6575306577E56
2269	2.7226374572E32	6.6575306577E56
2270	2.7226374572E32	6.6575306577E56
2271	2.7226374572E32	6.6575306577E56
2272	2.7226374572E32	6.6575306577E56
2273	2.7226374572E32	6.6575306577E56
2274	2.7226374572E32	6.6575306577E56
2275	2.7226374572E32	6.6575306577E56
2276	2.7226374572E32	6.6575306577E56
2277	2.7226374572E32	6.6575306577E56
2278	2.7226374572E32	6.6575306577E56
2279	2.7226374572E32	6.6575306577E56
2280	2.7226374572E32	6.6575306577E56
2281	2.7226374572E32	6.6575306577E56
2282	2.7226374572E32	6.6575306577E56
2283	2.7226374572E32	6.6575306577E56
2284	2.7226374572E32	6.6575306577E56
2285	2.7226374572E32	6.6575306577E56
2286	2.7226374572E32	6.6575306577E56
2287	2.7226374572E32	6.6575306577E56
2288	2.7226374572E32	6.6575306577E56
2289	2.7226374572E32	6.6575306577E56
2290	2.7226374572E32	6.6575306577E56
2291	2.7226374572E32	6.6575306577E56
2292	2.7226374572E32	6.6575306577E56
2293	2.7226374572E32	6.6575306577E56
2294	2.7226374572E32	6.6575306577E56
2295	2.7226374572E32	6.6575306577E56
2296	2.7226374572E32	6.6575306577E56
2297	2.7226374572E32	6.6575306577E56
2298	2.7226374572E32	6.6575306577E56
2299	2.7226374572E32	6.6575306577E56
2300	2.7226374572E32	6.6575306577E56
2301	2.7226374572E32	6.6575306577E56
2302	2.7226374572E32	6.6575306577E56
2303	2.7226374572E32	6.6575306577E56
2304	2.7226374572E32	6.6575306577E56
2305	2.7226374572E32	6.6575306577E56
2306	2.7226374572E32	6.6575306577E56
2307	2.7226374572E32	6.6575306577E56
2308	2.7226374572E32	6.6575306577E56
2309	2.7226374572E32	6.6575306577E56
2310	2.7226374572E32	6.6575306577E56
2311	2.7226374572E32	6.6575306577E56
2312	2.7226374572E32	6.6575306577E56
2313	2.7226374572E32	6.6575306577E56
2314	2.7226374572E32	6.6575306577E56
2315	2.7226374572E32	6.6575306577E56
2316	2.7226374572E32	6.6575306577E56
2317	2.7226374572E32	6.6575306577E56
2318	2.7226374572E32	6.6575306577E56
2319	2.7226374572E32	6.6575306577E56
2320	2.7226374572E32	6.6575306577E56
2321	2.7226374572E32	6.6575306577E56
2322	2.7226374572E32	6.6575306577E56
2323	2.7226374572E32	6.6575306577E56
2324	2.7226374572E32	6.6575306577E56
2325	2.7226374572E32	6.6575306577E56
2326	2.7226374572E32	6.6575306577E56
2327	2.7226374572E32	6.6575306577E56
2328	2.7226374572E32	6.6575306577E56
2329	2.7226374572E32	6.6575306577E56
2330	2.7226374572E32	6.6575306577E56
2331	2.7226374572E32	6.6575306577E56
2332	2.7226374572E32	6.6575306577E56
2333	2.7226374572E32	6.6575306577E56
2334	2.7226374572E32	6.6575306577E56
2335	2.7226374572E32	6.6575306577E56
2336	2.7226374572E32	6.6575306577E56
2337	2.7226374572E32	6.6575306577E56
2338	2.7226374572E32	6.6575306577E56
2339	2.7226374572E32	6.6575306577E56
2340	2.7226374572E32	6.6575306577E56
2341	2.7226374572E32	6.6575306577E56
2342	2.7226374572E32	6.6575306577E56
2343	2.7226374572E32	6.6575306577E56
2344	2.7226374572E32	6.6575306577E56
2345	2.7226374572E32	6.6575306577E56
2346	2.7226374572E32	6.6575306577E56
2347	2.7226374572E32	6.6575306577E56
2348	2.7226374572E32	6.6575306577E56
2349	2.7226374572E32	6.6575306577E56
2350	2.7226374572E32	6.6575306577E56
2351	2.7226374572E32	6.6575306577E56
2352	2.7226374572E32	6.6575306577E56
2353	2.7226374572E32	6.6575306577E56
2354	2.7226374572E32	6.6575306577E56
2355	2.7226374572E32	6.6575306577E56
2356	2.7226374572E32	6.6575306577E56
2357	2.7226374572E32	6.6575306577E56
2358	2.7226374572E32	6.6575306577E56
2359	2.7226374572E32	6.6575306577E56
2360	2.7226374572E32	6.6575306577E56
2361	2.7226374572E32	6.6575306577E56
2362	2.7226374572E32	6.6575306577E56
2363	2.7226374572E32	6.6575306577E56
2364	2.7226374572E32	6.6575306577E56
2365	2.7226374572E32	6.6575306577E56
2366	2.7226374572E32	6.6575306577E56
2367	2.7226374572E32	6.6575306577E56
2368	2.7226374572E32	6.6575306577E56
2369	2.7226374572E32	6.6575306577E56
2370	2.7226374572E32	6.6575306577E56
2371	2.7226374572E32	6.6575306577E56
2372	2.7226374572E32	6.6575306577E56
2373	2.7226374572E32	6.6575306577E56
2374	2.7226374572E32	6.6575306577E56
2375	2.7226374572E32	6.6575306577E56
2376	2.7226374572E32	6.6575306577E56
2377	2.7226374572E32	6.6575306577E56
2378	2.7226374572E32	6.6575306577E56
2379	2.7226374572E32	6.6575306577E56
2380	2.7226374572E32	6.6575306577E56
2381	2.7226374572E32	6.6575306577E56
2382	2.7226374572E32	6.6575306577E56
2383	2.7226374572E32	6.6575306577E56
2384	2.7226374572E32	6.6575306577E56
2385	2.7226374572E32	6.6575306577E56
2386	2.7226374572E32	6.6575306577E56
2387	2.7226374572E32	6.6575306577E56
2388	2.7226374572E32	6.6575306577E56
2389	2.7226374572E32	6.6575306577E56
2390	2.7226374572E32	6.6575306577E56
2391	2.7226374572E32	6.6575306577E56
2392	2.7226374572E32	6.6575306577E56
2393	2.7226374572E32	6.6575306577E56
2394	2.7226374572E32	6.6575306577E56
2395	2.7226374572E32	6.6575306577E56
2396	2.7226374572E32	6.6575306577E56
2397	2.7226374572E32	6.6575306577E56
2398	2.7226374572E32	6.6575306577E56
2399	2.7226374572E32	6.6575306577E56
2400	2.7226374572E32	6.6575306577E56
2401	2.7226374572E32	6.6575306577E56
2402	2.7226374572E32	6.6575306577E56
2403	2.7226374572E32	6.6575306577E56
2404	2.7226374572E32	6.6575306577E56
2405	2.7226374572E32	6.6575306577E56
2406	2.7226374572E32	6.6575306577E56
2407	2.7226374572E32	6.6575306577E56
2408	2.7226374572E32	6.6575306577E56
2409	2.7226374572E32	6.6575306577E56
2410	2.7226374572E32	6.6575306577E56
2411	2.7226374572E32	6.6575306577E56
2412	2.7226374572E32	6.6575306577E56
2413	2.7226374572E32	6.6575306577E56
2414	2.7226374572E32	6.6575306577E56
2415	2.7226374572E32	6.6575306577E56
2416	2.7226374572E32	6.6575306577E56
2417	2.7226374572E32	6.6575306577E56
2418	2.7226374572E32	6.6575306577E56
2419	2.7226374572E32	6.6575306577E56
2420	2.7226374572E32	6.6575306577E56
2421	2.7226374572E32	6.6575306577E56
2422	2.7226374572E32	6.6575306577E56
2423	2.7226374572E32	6.6575306577E56
2424	2.7226374572E32	6.6575306577E56
2425	2.7226374572E32	6.6575306577E56
2426	2.7226374572E32	6.6575306577E56
2427	2.7226374572E32	6.6575306577E56
2428	2.7226374572E32	6.6575306577E56
2429	2.7226374572E32	6.6575306577E56
2430	2.7226374572E32	6.6575306577E56
2431	2.7226374572E32	6.6575306577E56
2432	2.7226374572E32	6.6575306577E56
2433	2.7226374572E32	6.6575306577E56
2434	2.7226374572E32	6.6575306577E56
2435	2.7226374572E32	6.6575306577E56
2436	2.7226374572E32	6.6575306577E56
2437	2.7226374572E32	6.6575306577E56
2438	2.7226374572E32	6.6575306577E56
2439	2.7226374572E32	6.6575306577E56
2440	2.7226374572E32	6.6575306577E56
2441	2.7226374572E32	6.6575306577E56
2442	2.7226374572E32	6.6575306577E56
2443	2.7226374572E32	6.6575306577E56
2444	2.7226374572E32	6.6575306577E56
2445	2.7226374572E32	6.6575306577E56
2446	2.7226374572E32	6.6575306577E56
2447	2.7226374572E32	6.6575306577E56
2448	2.7226374572E32	6.6575306577E56
2449	2.7226374572E32	6.6575306577E56
2450	2.7226374572E32	6.6575306577E56
2451	2.7226374572E32	6.6575306577E56
2452	2.7226374572E32	6.6575306577E56
2453	2.7226374572E32	6.6575306577E56
2454	2.7226374572E32	6.6575306577E56
2455	2.7226374572E32	6.6575306577E56
2456	2.7226374572E32	6.6575306577E56
2457	2.7226374572E32	6.6575306577E56
2458	2.7226374572E32	6.6575306577E56
2459	2.7226374572E32	6.6575306577E56
2460	2.7226374572E32	6.6575306577E56
2461	2.7226374572E32	6.6575306577E56
2462	2.7226374572E32	6.6575306577E56
2463	2.7226374572E32	6.6575306577E56
2464	2.7226374572E32	6.6575306577E56
2465	2.7226374572E32	6.6575306577E56
2466	2.7226374572E32	6.6575306577E56
2467	2.7226374572E32	6.6575306577E56
2468	2.7226374572E32	6.6575306577E56
2469	2.7226374572E32	6.6575306577E56
2470	2.7226374572E32	6.6575306577E56
2471	2.7226374572E32	6.6575306577E56
2472	2.7226374572E32	6.6575306577E56
2473	2.7226374572E32	6.6575306577E56
2474	2.7226374572E32	6.6575306577E56
2475	2.7226374572E32	6.6575306577E56
2476	2.7226374572E32	6.6575306577E56
2477	2.7226374572E32	6.6575306577E56
2478	2.7226374572E32	6.6575306577E56
2479	2.7226374572E32	6.6575306577E56
2480	2.7226374572E32	6.6575306577E56
2481	2.7226374572E32	6.6575306577E56
2482	2.7226374572E32	6.6575306577E56
2483	2.7226374572E32	6.6575306577E56
2484	2.7226374572E32	6.6575306577E56
2485	2.7226374572E32	6.6575306577E56
2486	2.7226374572E32	6.6575306577E56
2487	2.7226374572E32	6.6575306577E56
2488	2.7226374572E32	6.6575306577E56
2489	2.7226374572E32	6.6575306577E56
2490	2.7226374572E32	6.6575306577E56
2491	2.7226374572E32	6.6575306577E56
2492	2.7226374572E32	6.6575306577E56
2493	2.7226374572E32	6.6575306577E56
2494	2.7226374572E32	6.6575306577E56
2495	2.7226374572E32	6.6575306577E56
2496	2.7226374572E32	6.6575306577E56
2497	2.7226374572E32	6.6575306577E56
2498	2.7226374572E32	6.6575306577E56
2499	2.7226374572E32	6.6575306577E56
2500	2.7226374572E32	6.6575306577E56
2501	2.7226374572E32	6.6575306577E56
2502	2.7226374572E32	6.6575306577E56
2503	2.7226374572E32	6.6575306577E56
2504	2.7226374572E32	6.6575306577E56
2505	2.7226374572E32	6.6575306577E56
2506	2.7226374572E32	6.6575306577E56
2507	2.7226374572E32	6.6575306577E56
2508	2.7226374572E32	6.6575306577E56
2509	2.7226374572E32	6.6575306577E56
2510	2.7226374572E32	6.6575306577E56
2511	2.7226374572E32	6.6575306577E56
2512	2.7226374572E32	6.6575306577E56
2513	2.7226374572E32	6.6575306577E56
2514	2.7226374572E32	6.6575306577E56
2515	2.7226374572E32	6.6575306577E56
2516	2.7226374572E32	6.6575306577E56
2517	2.7226374572E32	6.6575306577E56
2518	2.7226374572E32	6.6575306577E56
2519	2.7226374572E32	6.6575306577E56
2520	2.7226374572E32	6.6575306577E56
2521	2.7226374572E32	6.6575306577E56
2522	2.7226374572E32	6.6575306577E56
2523	2.7226374572E32	6.6575306577E56
2524	2.7226374572E32	6.6575306577E56
2525	2.7226374572E32	6.6575306577E56
2526	2.7226374572E32	6.6575306577E56
2527	2.7226374572E32	6.6575306577E56
2528	2.7226374572E32	6.6575306577E56
2529	2.7226374572E32	6.6575306577E56
2530	2.7226374572E32	6.6575306577E56
2531	2.7226374572E32	6.6575306577E56
2532	2.7226374572E32	6.6575306577E56
2533	2.7226374572E32	6.6575306577E56
2534	2.7226374572E32	6.6575306577E56
2535	2.7226374572E32	6.6575306577E56
2536	2.7226374572E32	6.6575306577E56
2537	2.7226374572E32	6.6575306577E56
2538	2.7226374572E32	6.6575306577E56
2539	2.7226374572E32	6.6575306577E56
2540	2.7226374572E32	6.6575306577E56
2541	2.7226374572E32	6.6575306577E56
2542	2.7226374572E32	6.6575306577E56
2543	2.7226374572E32	6.6575306577E56
2544	2.7226374572E32	6.6575306577E56
2545	2.7226374572E32	6.6575306577E56
2546	2.7226374572E32	6.6575306577E56
2547	2.7226374572E32	6.6575306577E56
2548	2.7226374572E32	6.6575306577E56
2549	2.7226374572E32	6.6575306577E56
2550	2.7226374572E32	6.6575306577E56
2551	2.7226374572E32	6.6575306577E56
2552	2.7226374572E32	6.6575306577E56
2553	2.7226374572E32	6.6575306577E56
2554	2.7226374572E32	6.6575306577E56
2555	2.7226374572E32	6.6575306577E56
2556	2.7226374572E32	6.6575306577E56
2557	2.7226374572E32	6.6575306577E56
2558	2.7226374572E32	6.6575306577E56
2559	2.7226374572E32	6.6575306577E56
2560	2.7226374572E32	6.6575306577E56
2561	2.7226374572E32	6.6575306577E56
2562	2.7226374572E32	6.6575306577E56
2563	2.7226374572E32	6.6575306577E56
2564	2.7226374572E32	6.6575306577E56
2565	2.7226374572E32	6.6575306577E56
2566	2.7226374572E32	6.6575306577E56
2567	2.7226374572E32	6.6575306577E56
2568	2.7226374572E32	6.6575306577E56
2569	2.7226374572E32	6.6575306577E56
2570	2.7226374572E32	6.6575306577E56
2571	2.7226374572E32	6.6575306577E56
2572	2.7226374572E32	6.6575306577E56
2573	2.7226374572E32	6.6575306577E56
2574	2.7226374572E32	6.6575306577E56
2575	2.7226374572E32	6.6575306577E56
2576	2.7226374572E32	6.6575306577E56
2577	2.7226374572E32	6.6575306577E56
2578	2.7226374572E32	6.6575306577E56
2579	2.7226374572E32	6.6575306577E56
2580	2.7226374572E32	6.6575306577E56
2581	2.7226374572E32	6.6575306577E56
2582	2.7226374572E32	6.6575306577E56
2583	2.7226374572E32	6.6575306577E56
2584	2.7226374572E32	6.6575306577E56
2585	2.7226374572E32	6.6575306577E56
2586	2.7226374572E32	6.6575306577E56
2587	2.7226374572E32	6.6575306577E56
2588	2.7226374572E32	6.6575306577E56
2589	2.7226374572E32	6.6575306577E56
2590	2.7226374572E32	6.6575306577E56
2591	2.7226374572E32	6.6575306577E56
2592	2.7226374572E32	6.6575306577E56
2593	2.7226374572E32	6.6575306577E56
2594	2.7226374572E32	6.6575306577E56
2595	2.7226374572E32	6.6575306577E56
2596	2.7226374572E32	6.6575306577E56
2597	2.7226374572E32	6.6575306577E56
2598	2.7226374572E32	6.6575306577E56
2599	2.7226374572E32	6.6575306577E56
2600	2.7226374572E32	6.6575306577E56
2601	2.7226374572E32	6.6575306577E56
2602	2.7226374572E32	6.6575306577E56
2603	2.7226374572E32	6.6575306577E56
2604	2.7226374572E32	6.6575306577E56
2605	2.7226374572E32	6.6575306577E56
2606	2.7226374572E32	6.6575306577E56
2607	2.7226374572E32	6.6575306577E56
2608	2.7226374572E32	6.6575306577E56
2609	2.7226374572E32	6.6575306577E56
2610	2.7226374572E32	6.6575306577E56
2611	2.7226374572E32	6.6575306577E56
2612	2.7226374572E32	6.6575306577E56
2613	2.7226374572E32	6.6575306577E56
2614	2.7226374572E32	6.6575306577E56
2615	2.7226374572E32	6.6575306577E56
2616	2.7226374572E32	6.6575306577E56
2617	2.7226374572E32	6.6575306577E56
2618	2.7226374572E32	6.6575306577E56
2619	2.7226374572E32	6.6575306577E56
2620	2.7226374572E32	6.6575306577E56
2621	2.7226374572E32	6.6575306577E56
2622	2.7226374572E32	6.6575306577E56
2623	2.7226374572E32	6.6575306577E56
2624	2.7226374572E32	6.6575306577E56
2625	2.7226374572E32	6.6575306577E56
2626	2.7226374572E32	6.6575306577E56
2627	2.7226374572E32	6.6575306577E56
2628	2.7226374572E32	6.6575306577E56
2629	2.7226374572E32	6.6575306577E56
2630	2.7226374572E32	6.6575306577E56
2631	2.7226374572E32	6.6575306577E56
2632	2.7226374572E32	6.6575306577E56
2633	2.7226374572E32	6.6575306577E56
2634	2.7226374572E32	6.6575306577E56
2635	2.7226374572E32	6.6575306577E56
2636	2.7226374572E32	6.6575306577E56
2637	2.7226374572E32	6.6575306577E56
2638	2.7226374572E32	6.6575306577E56
2639	2.7226374572E32	6.6575306577E56
2640	2.7226374572E32	6.6575306577E56
2641	2.7226374572E32	6.6575306577E56
2642	2.7226374572E32	6.6575306577E56
2643	2.7226374572E32	6.6575306577E56
2644	2.7226374572E32	6.6575306577E56
2645	2.7226374572E32	6.6575306577E56
2646	2.7226374572E32	6.6575306577E56
2647	2.7226374572E32	6.6575306577E56
2648	2.7226374572E32	6.6575306577E56
2649	2.7226374572E32	6.6575306577E56
2650	2.7226374572E32	6.6575306577E56
2651	2.7226374572E32	6.6575306577E56
2652	2.7226374572E32	6.6575306577E56
2653	2.7226374572E32	6.6575306577E56
2654	2.7226374572E32	6.6575306577E56
2655	2.7226374572E32	6.6575306577E56
2656	2.7226374572E32	6.6575306577E56
2657	2.7226374572E32	6.6575306577E56
2658	2.7226374572E32	6.6575306577E56
2659	2.7226374572E32	6.6575306577E56
2660	2.7226374572E32	6.6575306577E56
2661	2.7226374572E32	6.6575306577E56
2662	2.7226374572E32	6.6575306577E56
2663	2.7226374572E32	6.6575306577E56
2664	2.7226374572E32	6.6575306577E56
2665	2.7226374572E32	6.6575306577E56
2666	2.7226374572E32	6.6575306577E56
2667	2.7226374572E32	6.6575306577E56
2668	2.7226374572E32	6.6575306577E56
2669	2.7226374572E32	6.6575306577E56
2670	2.7226374572E32	6.6575306577E56
2671	2.7226374572E32	6.6575306577E56
2672	2.7226374572E32	6.6575306577E56
2673	2.7226374572E32	6.6575306577E56
2674	2.7226374572E32	6.6575306577E56
2675	2.7226374572E32	6.6575306577E56
2676	2.7226374572E32	6.6575306577E56
2677	2.7226374572E32	6.6575306577E56
2678	2.7226374572E32	6.6575306577E56
2679	2.7226374572E32	6.6575306577E56
2680	2.7226374572E32	6.6575306577E56
2681	2.7226374572E32	6.6575306577E56
2682	2.7226374572E32	6.6575306577E56
2683	2.7226374572E32	6.6575306577E56
2684	2.7226374572E32	6.6575306577E56
2685	2.7226374572E32	6.6575306577E56
2686	2.7226374572E32	6.6575306577E56
2687	2.7226374572E32	6.6575306577E56
2688	2.7226374572E32	6.6575306577E56
2689	2.7226374572E32	6.6575306577E56
2690	2.7226374572E32	6.6575306577E56
2691	2.7226374572E32	6.6575306577E56
2692	2.7226374572E32	6.6575306577E56
2693	2.7226374572E32	6.6575306577E56
2694	2.7226374572E32	6.6575306577E56
2695	2.7226374572E32	6.6575306577E56
2696	2.7226374572E32	6.6575306577E56
2697	2.7226374572E32	6.6575306577E56
2698	2.7226374572E32	6.6575306577E56
2699	2.7226374572E32	6.6575306577E56
2700	2.7226374572E32	6.6575306577E56
2701	2.7226374572E32	6.6575306577E56
2702	2.7226374572E32	6.6575306577E56
2703	2.7226374572E32	6.6575306577E56
2704	2.7226374572E32	6.6575306577E56
2705	2.7226374572E32	6.6575306577E56
2706	2.7226374572E32	6.6575306577E56
2707	2.7226374572E32	6.6575306577E56
2708	2.7226374572E32	6.6575306577E56
2709	2.7226374572E32	6.6575306577E56
2710	2.7226374572E32	6.6575306577E56
2711	2.7226374572E32	6.6575306577E56
2712	2.7226374572E32	6.6575306577E56
2713	2.7226374572E32	6.6575306577E56
2714	2.7226374572E32	6.6575306577E56
2715	2.7226374572E32	6.6575306577E56
2716	2.7226374572E32	6.6575306577E56
2717	2.7226374572E32	6.6575306577E56
2718	2.7226374572E32	6.6575306577E56
2719	2.7226374572E32	6.6575306577E56
2720	2.7226374572E32	6.6575306577E56
2721	2.7226374572E32	6.6575306577E56
2722	2.7226374572E32	6.6575306577E56
2723	2.7226374572E32	6.6575306577E56
2724	2.7226374572E32	6.6575306577E56
2725	2.7226374572E32	6.6575306577E56
2726	2.7226374572E32	6.6575306577E56
