0	1.36E-5
1	1.3974969611E-5
2	1.4360968478E-5
3	1.4756962524E-5
4	1.5163174918E-5
5	1.5581293274E-5
6	1.6010111723E-5
7	1.6450843168E-5
8	1.6903204648E-5
9	1.736829716E-5
10	1.7845993623E-5
11	1.8336859242E-5
12	1.8840606934E-5
13	1.9357392714E-5
14	1.9889012063E-5
15	2.0435482915E-5
16	2.0996736347E-5
17	2.1573624193E-5
18	2.2164383123E-5
19	2.2772377783E-5
20	2.3396506218E-5
21	2.4036221161E-5
22	2.4694408801E-5
23	2.5368643505E-5
24	2.6062076198E-5
25	2.6773984715E-5
26	2.7505319698E-5
27	2.8256453898E-5
28	2.902793619E-5
29	2.9818798736E-5
30	3.0630764989E-5
31	3.1463476821E-5
32	3.2318612288E-5
33	3.3196348034E-5
34	3.4096897606E-5
35	3.5021809122E-5
36	3.5971824702E-5
37	3.6948313024E-5
38	3.7950160627E-5
39	3.8977335399E-5
40	4.002926368E-5
41	4.1111625817E-5
42	4.2222710648E-5
43	4.3360969673E-5
44	4.4530477063E-5
45	4.5729582241E-5
46	4.6961040689E-5
47	4.8224870157E-5
48	4.9523239818E-5
49	5.0853118179E-5
50	5.2216024696E-5
51	5.3615219661E-5
52	5.5051937051E-5
53	5.6524722324E-5
54	5.8036157685E-5
55	5.9586092055E-5
56	6.117664592E-5
57	6.2807585692E-5
58	6.4480053694E-5
59	6.6195530458E-5
60	6.7953745681E-5
61	6.9755385511E-5
62	7.1606994793E-5
63	7.3502576751E-5
64	7.5449400416E-5
65	7.7446927749E-5
66	7.9488797249E-5
67	8.1584431248E-5
68	8.373460914E-5
69	8.5937281026E-5
70	8.8196846877E-5
71	9.0510501516E-5
72	9.2880220808E-5
73	9.5314206481E-5
74	9.7805572199E-5
75	1.0036231639E-4
76	1.0297731438E-4
77	1.0566024365E-4
78	1.0840613292E-4
79	1.1122244552E-4
80	1.1410466978E-4
81	1.1705833364E-4
82	1.2008097122E-4
83	1.2317993012E-4
84	1.2635714065E-4
85	1.2960230692E-4
86	1.3292453972E-4
87	1.3632962991E-4
88	1.3981921749E-4
89	1.4338790125E-4
90	1.4703957639E-4
91	1.5094983835E-4
92	1.5518502083E-4
93	1.5952309359E-4
94	1.6397824415E-4
95	1.6856190101E-4
96	1.7327473786E-4
97	1.7811498118E-4
98	1.8308639135E-4
99	1.881883401E-4
100	1.9344523299E-4
101	1.9884052366E-4
102	2.0438237303E-4
103	2.1007591921E-4
104	2.1593067841E-4
105	2.2193074987E-4
106	2.2810055199E-4
107	2.3443493947E-4
108	2.4092851693E-4
109	2.4760787983E-4
110	2.5446129089E-4
111	2.6149589257E-4
112	2.6872314699E-4
113	2.7613397819E-4
114	2.8372463752E-4
115	2.9151663029E-4
116	2.9950400328E-4
117	3.0769012899E-4
118	3.1606780081E-4
119	3.2466036004E-4
120	3.3344545451E-4
121	3.4245240138E-4
122	3.5167507489E-4
123	3.6152297838E-4
124	3.7162674351E-4
125	3.8201895425E-4
126	3.9269354395E-4
127	4.0367192686E-4
128	4.1495398047E-4
129	4.2655196921E-4
130	4.3846873035E-4
131	4.5071741932E-4
132	4.6331662782E-4
133	4.7624662865E-4
134	4.8951467887E-4
135	5.0314317291E-4
136	5.1716303566E-4
137	5.3156118797E-4
138	5.4633424272E-4
139	5.6152016057E-4
140	5.7709551909E-4
141	5.9307146425E-4
142	6.0947148628E-4
143	6.2626020924E-4
144	6.4347930582E-4
145	6.6114102888E-4
146	6.7964999492E-4
147	6.9863219995E-4
148	7.1813622614E-4
149	7.3819168331E-4
150	7.5881916393E-4
151	7.8004995708E-4
152	8.0184721102E-4
153	8.2425684824E-4
154	8.4726219046E-4
155	8.7092487511E-4
156	8.9521634679E-4
157	9.201760448E-4
158	9.4583084889E-4
159	9.7217630235E-4
160	9.9916803918E-4
161	1.0269203296E-3
162	1.0553852266E-3
163	1.0845664411E-3
164	1.1147367907E-3
165	1.1458853048E-3
166	1.1779389929E-3
167	1.2108578417E-3
168	1.2446836383E-3
169	1.2794526283E-3
170	1.3152601547E-3
171	1.3520040046E-3
172	1.3897974867E-3
173	1.4286308286E-3
174	1.4685233874E-3
175	1.5094597882E-3
176	1.5514984917E-3
177	1.594664177E-3
178	1.6390475862E-3
179	1.6844948494E-3
180	1.7315572938E-3
181	1.7799354272E-3
182	1.8297163416E-3
183	1.880875422E-3
184	1.9334348523E-3
185	1.9874851792E-3
186	2.0430182455E-3
187	2.1000587037E-3
188	2.1587696643E-3
189	2.2190169667E-3
190	2.2809217352E-3
191	2.3444853729E-3
192	2.4097028026E-3
193	2.4770500798E-3
194	2.5462406133E-3
195	2.617345473E-3
196	2.6905034221E-3
197	2.7653394283E-3
198	2.8385974894E-3
199	2.908830294E-3
200	2.9767645928E-3
201	3.0431620816E-3
202	3.1082810164E-3
203	3.1723263668E-3
204	3.2355971429E-3
205	3.2988403964E-3
206	3.3618370458E-3
207	3.4242797162E-3
208	3.4859564228E-3
209	3.5474495297E-3
210	3.6088794438E-3
211	3.6700606773E-3
212	3.730892897E-3
213	3.791747924E-3
214	3.8523281966E-3
215	3.9127709466E-3
216	3.9735490266E-3
217	4.0341189969E-3
218	4.0948785441E-3
219	4.1556139339E-3
220	4.2163481247E-3
221	4.2773228636E-3
222	4.3382318938E-3
223	4.3992389809E-3
224	4.4601666435E-3
225	4.5210641481E-3
226	4.5825202154E-3
227	4.6440050778E-3
228	4.7056604689E-3
229	4.7675401259E-3
230	4.8294251989E-3
231	4.891558713E-3
232	4.9536928733E-3
233	5.015880025E-3
234	5.0782457229E-3
235	5.1408991924E-3
236	5.2038648216E-3
237	5.2670379141E-3
238	5.3303263083E-3
239	5.3930402512E-3
240	5.4538206315E-3
241	5.5121891858E-3
242	5.5683545895E-3
243	5.6226587093E-3
244	5.6755746697E-3
245	5.7274833511E-3
246	5.7781861629E-3
247	5.828426363E-3
248	5.878693158E-3
249	5.9279175611E-3
250	5.9763153238E-3
251	6.023962782E-3
252	6.071303013E-3
253	6.1185461185E-3
254	6.1651421545E-3
255	6.2114621839E-3
256	6.2572298858E-3
257	6.3023982185E-3
258	6.3473858703E-3
259	6.3923522122E-3
260	6.4369238991E-3
261	6.4809694988E-3
262	6.5245366625E-3
263	6.5675983042E-3
264	6.61001466E-3
265	6.6528606906E-3
266	6.6956505239E-3
267	6.7382388693E-3
268	6.7804591328E-3
269	6.8222831831E-3
270	6.8636940539E-3
271	6.904602239E-3
272	6.945078998E-3
273	6.9859069406E-3
274	7.0263032158E-3
275	7.0668126811E-3
276	7.107001746E-3
277	7.147017693E-3
278	7.1866495294E-3
279	7.2259426929E-3
280	7.2648351799E-3
281	7.3038722842E-3
282	7.3428361147E-3
283	7.3816013504E-3
284	7.4200763617E-3
285	7.4581678679E-3
286	7.4962672472E-3
287	7.5340996574E-3
288	7.5716637606E-3
289	7.6089979892E-3
290	7.6465151487E-3
291	7.6839856277E-3
292	7.7212371266E-3
293	7.7582577827E-3
294	7.7949577465E-3
295	7.8313416812E-3
296	7.8673842089E-3
297	7.9035542835E-3
298	7.9395739072E-3
299	7.9754782253E-3
300	8.0117024629E-3
301	8.047686709E-3
302	8.0834852767E-3
303	8.118952096E-3
304	8.1541775859E-3
305	8.1891108028E-3
306	8.2237947441E-3
307	8.2582611543E-3
308	8.2928609826E-3
309	8.327780403E-3
310	8.3626498601E-3
311	8.3973959884E-3
312	8.4319119097E-3
313	8.4661583133E-3
314	8.5001265164E-3
315	8.5338727828E-3
316	8.5674202963E-3
317	8.600792675E-3
318	8.6339152673E-3
319	8.6678277269E-3
320	8.7014826405E-3
321	8.7351182971E-3
322	8.7685038699E-3
323	8.801748992E-3
324	8.8346658661E-3
325	8.8673705145E-3
326	8.8998800457E-3
327	8.9322204355E-3
328	8.964367786E-3
329	8.9966580577E-3
330	9.0291900298E-3
331	9.0617533588E-3
332	9.0941821877E-3
333	9.1264422692E-3
334	9.1585641604E-3
335	9.1904024314E-3
336	9.2219966456E-3
337	9.2534940045E-3
338	9.2848391646E-3
339	9.31596519E-3
340	9.3475875104E-3
341	9.3788502859E-3
342	9.4104598146E-3
343	9.4418361611E-3
344	9.4731735209E-3
345	9.5042931709E-3
346	9.535195796E-3
347	9.5658728315E-3
348	9.5964816153E-3
349	9.6268576176E-3
350	9.6573401621E-3
351	9.6879772181E-3
352	9.7184058644E-3
353	9.7489525991E-3
354	9.7794786536E-3
355	9.8098967331E-3
356	9.8401478697E-3
357	9.8702174286E-3
358	9.9000386241E-3
359	9.9297649007E-3
360	9.9593482316E-3
361	9.9890563044E-3
362	1.0018914686E-2
363	1.0048590775E-2
364	1.0078168303E-2
365	1.0107925566E-2
366	1.0137571253E-2
367	1.0167077268E-2
368	1.0196430519E-2
369	1.0225561172E-2
370	1.025453897E-2
371	1.0283403649E-2
372	1.031220982E-2
373	1.0341384705E-2
374	1.0370342249E-2
375	1.0399251207E-2
376	1.0427936289E-2
377	1.0456910531E-2
378	1.0485723314E-2
379	1.0514415502E-2
380	1.0542871439E-2
381	1.0571175317E-2
382	1.0599342348E-2
383	1.0627423981E-2
384	1.0655942485E-2
385	1.0684223997E-2
386	1.0712578128E-2
387	1.0740699217E-2
388	1.0768693256E-2
389	1.0796882534E-2
390	1.0825006897E-2
391	1.085294586E-2
392	1.0880693158E-2
393	1.0908255973E-2
394	1.0935685309E-2
395	1.096348855E-2
396	1.0991212182E-2
397	1.1018953059E-2
398	1.1046594432E-2
399	1.1074096534E-2
400	1.1101361565E-2
401	1.1128918092E-2
402	1.1156287154E-2
403	1.1183561186E-2
404	1.1210626301E-2
405	1.1237547423E-2
406	1.1264342974E-2
407	1.1291644946E-2
408	1.1318679995E-2
409	1.134579949E-2
410	1.1372775955E-2
411	1.139967454E-2
412	1.1426368928E-2
413	1.1453326784E-2
414	1.1480134931E-2
415	1.1506803447E-2
416	1.1533277742E-2
417	1.1559606231E-2
418	1.1585904183E-2
419	1.1612592473E-2
420	1.1639124427E-2
421	1.1665672597E-2
422	1.1692095194E-2
423	1.1718452691E-2
424	1.1744614854E-2
425	1.1770837725E-2
426	1.1797095858E-2
427	1.1823209179E-2
428	1.1849131066E-2
429	1.1874892379E-2
430	1.1900906276E-2
431	1.192700735E-2
432	1.1953037153E-2
433	1.197904364E-2
434	1.2004990099E-2
435	1.2030839462E-2
436	1.2056544773E-2
437	1.2082101935E-2
438	1.2107877623E-2
439	1.2133498313E-2
440	1.2158928711E-2
441	1.2184203337E-2
442	1.2209868361E-2
443	1.2235420996E-2
444	1.2261035811E-2
445	1.2286532823E-2
446	1.2312034349E-2
447	1.2337419726E-2
448	1.2362701437E-2
449	1.2387788373E-2
450	1.2413039621E-2
451	1.2438226175E-2
452	1.2463173917E-2
453	1.2487954352E-2
454	1.2513101178E-2
455	1.2538224504E-2
456	1.2563363088E-2
457	1.2588430326E-2
458	1.261350969E-2
459	1.2638487484E-2
460	1.2663373109E-2
461	1.2688073615E-2
462	1.2712638843E-2
463	1.2737416658E-2
464	1.2762040348E-2
465	1.278642201E-2
466	1.2810877604E-2
467	1.2835600465E-2
468	1.2860241503E-2
469	1.2884931025E-2
470	1.2909551347E-2
471	1.293415083E-2
472	1.2958645594E-2
473	1.2983003078E-2
474	1.3007199391E-2
475	1.3031353908E-2
476	1.3055594164E-2
477	1.3079629299E-2
478	1.3103570107E-2
479	1.3127938956E-2
480	1.3152142274E-2
481	1.3176427597E-2
482	1.3200619234E-2
483	1.3224852624E-2
484	1.3248992439E-2
485	1.3273051483E-2
486	1.3296947536E-2
487	1.332069891E-2
488	1.3344469176E-2
489	1.3368230474E-2
490	1.3391788217E-2
491	1.3415784861E-2
492	1.3439595426E-2
493	1.34635299E-2
494	1.348736491E-2
495	1.3511204611E-2
496	1.3534972457E-2
497	1.3558720469E-2
498	1.3582350782E-2
499	1.3605823701E-2
500	1.3629133796E-2
501	1.365252278E-2
502	1.3675797789E-2
503	1.3698977193E-2
504	1.3722569563E-2
505	1.374599418E-2
506	1.3769501362E-2
507	1.3792942767E-2
508	1.3816383052E-2
509	1.3839737369E-2
510	1.3863088164E-2
511	1.3886301045E-2
512	1.3909387458E-2
513	1.3932285235E-2
514	1.3955243147E-2
515	1.3978080631E-2
516	1.400123385E-2
517	1.4024365203E-2
518	1.4047521219E-2
519	1.407064902E-2
520	1.4093761347E-2
521	1.4116832347E-2
522	1.4139871286E-2
523	1.416285645E-2
524	1.4185717733E-2
525	1.4208432519E-2
526	1.4230957347E-2
527	1.4253516055E-2
528	1.4276029309E-2
529	1.429893771E-2
530	1.4321680525E-2
531	1.4344558785E-2
532	1.4367317376E-2
533	1.4390122094E-2
534	1.4412854926E-2
535	1.4435595731E-2
536	1.4458209585E-2
537	1.448076504E-2
538	1.4503146323E-2
539	1.4525328423E-2
540	1.4547445995E-2
541	1.4569614046E-2
542	1.4592189881E-2
543	1.4614623591E-2
544	1.463714854E-2
545	1.4659580361E-2
546	1.4682065344E-2
547	1.4704446319E-2
548	1.472687674E-2
549	1.4749200122E-2
550	1.4771432731E-2
551	1.4793521997E-2
552	1.4815425648E-2
553	1.4837147953E-2
554	1.4859076089E-2
555	1.4881300549E-2
556	1.4903397619E-2
557	1.4925589391E-2
558	1.4947715575E-2
559	1.4969856881E-2
560	1.499195902E-2
561	1.5014045189E-2
562	1.5036053083E-2
563	1.5057975217E-2
564	1.5079778461E-2
565	1.5101423542E-2
566	1.5122802475E-2
567	1.5144410407E-2
568	1.5166348821E-2
569	1.5188185813E-2
570	1.5210088839E-2
571	1.5231909731E-2
572	1.5253764165E-2
573	1.5275578044E-2
574	1.5297427742E-2
575	1.5319169081E-2
576	1.5340867639E-2
577	1.5362370788E-2
578	1.5383737139E-2
579	1.5404863914E-2
580	1.5426057497E-2
581	1.544772387E-2
582	1.546925355E-2
583	1.5490876918E-2
584	1.5512416838E-2
585	1.5533996151E-2
586	1.5555521817E-2
587	1.5577083133E-2
588	1.5598559666E-2
589	1.5619991195E-2
590	1.5641316401E-2
591	1.5662432854E-2
592	1.5683342984E-2
593	1.5704129317E-2
594	1.5725547201E-2
595	1.5746815609E-2
596	1.5768145312E-2
597	1.5789423615E-2
598	1.5810748504E-2
599	1.5832008071E-2
600	1.585330697E-2
601	1.5874532553E-2
602	1.5895707643E-2
603	1.591677559E-2
604	1.5937702256E-2
605	1.5958441239E-2
606	1.59789687E-2
607	1.5999927838E-2
608	1.6020969943E-2
609	1.604206896E-2
610	1.6063082345E-2
611	1.6084133656E-2
612	1.6105174738E-2
613	1.6126212861E-2
614	1.6147222759E-2
615	1.616817375E-2
616	1.6189016027E-2
617	1.6209764839E-2
618	1.6230345944E-2
619	1.6250724838E-2
620	1.627116093E-2
621	1.6291999512E-2
622	1.6312803254E-2
623	1.6333632121E-2
624	1.6354419182E-2
625	1.6375214271E-2
626	1.6395991709E-2
627	1.6416780767E-2
628	1.6437512958E-2
629	1.6458155226E-2
630	1.6478690292E-2
631	1.6499103698E-2
632	1.6519336973E-2
633	1.6539416935E-2
634	1.6559901376E-2
635	1.6580418829E-2
636	1.6601039485E-2
637	1.6621570675E-2
638	1.6642149087E-2
639	1.6662673043E-2
640	1.6683237272E-2
641	1.6703761264E-2
642	1.6724222339E-2
643	1.6744594612E-2
644	1.6764839919E-2
645	1.6784935434E-2
646	1.6804833346E-2
647	1.6824920736E-2
648	1.6845153658E-2
649	1.6865488125E-2
650	1.688583063E-2
651	1.6906187957E-2
652	1.6926525276E-2
653	1.6946847174E-2
654	1.6967159429E-2
655	1.698743833E-2
656	1.7007629419E-2
657	1.7027725381E-2
658	1.7047681451E-2
659	1.7067506204E-2
660	1.7087188399E-2
661	1.7107085438E-2
662	1.7127155324E-2
663	1.7147326426E-2
664	1.7167418253E-2
665	1.7187536561E-2
666	1.7207624796E-2
667	1.7227746188E-2
668	1.7247795982E-2
669	1.7267823269E-2
670	1.7287768566E-2
671	1.730757083E-2
672	1.7327239432E-2
673	1.7346789129E-2
674	1.7366485968E-2
675	1.7386073249E-2
676	1.740600523E-2
677	1.7425877968E-2
678	1.7445806213E-2
679	1.7465699095E-2
680	1.7485604881E-2
681	1.7505479576E-2
682	1.752535289E-2
683	1.7545175326E-2
684	1.7564878713E-2
685	1.7584441181E-2
686	1.7603881287E-2
687	1.762320383E-2
688	1.764275384E-2
689	1.7662150115E-2
690	1.7681898716E-2
691	1.7701575848E-2
692	1.7721285353E-2
693	1.7740949323E-2
694	1.7760625808E-2
695	1.7780284108E-2
696	1.7799932456E-2
697	1.7819508363E-2
698	1.783899277E-2
699	1.7858300618E-2
700	1.7877516644E-2
701	1.7896742553E-2
702	1.7916031514E-2
703	1.7935276889E-2
704	1.7954822916E-2
705	1.7974310364E-2
706	1.799380574E-2
707	1.801329902E-2
708	1.8032793788E-2
709	1.8052241428E-2
710	1.807166339E-2
711	1.8091031663E-2
712	1.8110285892E-2
713	1.8129435601E-2
714	1.8148461113E-2
715	1.8167649265E-2
716	1.8186676978E-2
717	1.8205796873E-2
718	1.8225107277E-2
719	1.8244412116E-2
720	1.8263711581E-2
721	1.8283034782E-2
722	1.8302330946E-2
723	1.8321628547E-2
724	1.8340854492E-2
725	1.8360014322E-2
726	1.8379053143E-2
727	1.839798014E-2
728	1.8416841069E-2
729	1.8435924042E-2
730	1.8454766729E-2
731	1.8473703741E-2
732	1.8492810186E-2
733	1.8511925515E-2
734	1.8531025765E-2
735	1.8550152835E-2
736	1.8569276965E-2
737	1.858839044E-2
738	1.8607456075E-2
739	1.8626409498E-2
740	1.8645263531E-2
741	1.8663999525E-2
742	1.8682666538E-2
743	1.8701556186E-2
744	1.8720221595E-2
745	1.8738966897E-2
746	1.8757903277E-2
747	1.8776854924E-2
748	1.8795796422E-2
749	1.8814756914E-2
750	1.8833656215E-2
751	1.8852586723E-2
752	1.8871450492E-2
753	1.8890254604E-2
754	1.8908937508E-2
755	1.8927526101E-2
756	1.8946062324E-2
757	1.8964791991E-2
758	1.8983298109E-2
759	1.9001842507E-2
760	1.9020595861E-2
761	1.9039379349E-2
762	1.9058143799E-2
763	1.9076927622E-2
764	1.9095690448E-2
765	1.9114458299E-2
766	1.9133155248E-2
767	1.9151784119E-2
768	1.9170299976E-2
769	1.9188720448E-2
770	1.9207117047E-2
771	1.9225701037E-2
772	1.9244056732E-2
773	1.9262419761E-2
774	1.928095109E-2
775	1.9299574369E-2
776	1.9318152745E-2
777	1.9336762052E-2
778	1.9355325959E-2
779	1.9373927376E-2
780	1.9392468647E-2
781	1.9410936935E-2
782	1.9429313729E-2
783	1.9447582198E-2
784	1.9465819512E-2
785	1.9484231615E-2
786	1.9502458279E-2
787	1.9520674097E-2
788	1.9538930076E-2
789	1.9557396193E-2
790	1.9575807746E-2
791	1.9594285322E-2
792	1.9612720111E-2
793	1.963117091E-2
794	1.9649553111E-2
795	1.9667860357E-2
796	1.9686084525E-2
797	1.970420997E-2
798	1.972228935E-2
799	1.9740591784E-2
800	1.9758679159E-2
801	1.9776736366E-2
802	1.9794767901E-2
803	1.9813072623E-2
804	1.9831322917E-2
805	1.9849608521E-2
806	1.9867873977E-2
807	1.9886170518E-2
808	1.9904387515E-2
809	1.9922536473E-2
810	1.9940589299E-2
811	1.995857581E-2
812	1.9976516088E-2
813	1.9994703071E-2
814	2.0012670246E-2
815	2.0030624885E-2
816	2.0048488231E-2
817	2.0066580229E-2
818	2.0084697641E-2
819	2.0102841781E-2
820	2.0120986744E-2
821	2.0139123345E-2
822	2.0157225109E-2
823	2.0175262566E-2
824	2.0193199495E-2
825	2.0211055512E-2
826	2.0228850595E-2
827	2.0246946705E-2
828	2.0264808883E-2
829	2.0282665158E-2
830	2.0300348468E-2
831	2.0318168712E-2
832	2.0336132189E-2
833	2.035412521E-2
834	2.037209372E-2
835	2.0390102265E-2
836	2.0408051733E-2
837	2.0425936469E-2
838	2.0443758946E-2
839	2.0461505253E-2
840	2.0479175508E-2
841	2.0497114053E-2
842	2.0514893922E-2
843	2.0532612235E-2
844	2.0550196534E-2
845	2.0567808895E-2
846	2.0585605395E-2
847	2.0603470752E-2
848	2.0621313928E-2
849	2.0639144761E-2
850	2.065698042E-2
851	2.0674761792E-2
852	2.0692444023E-2
853	2.0710059978E-2
854	2.0727598787E-2
855	2.0745267608E-2
856	2.0763002032E-2
857	2.0780583864E-2
858	2.0798092908E-2
859	2.0815524782E-2
860	2.0833037237E-2
861	2.0850748588E-2
862	2.0868443367E-2
863	2.0886157065E-2
864	2.0903831815E-2
865	2.0921520769E-2
866	2.0939107066E-2
867	2.0956621195E-2
868	2.0974053639E-2
869	2.0991487712E-2
870	2.1009150733E-2
871	2.1026630796E-2
872	2.1044090097E-2
873	2.1061388597E-2
874	2.1078701554E-2
875	2.1096210042E-2
876	2.1113773856E-2
877	2.1131316835E-2
878	2.1148888444E-2
879	2.1166449414E-2
880	2.1183950957E-2
881	2.1201348324E-2
882	2.1218686988E-2
883	2.1235968544E-2
884	2.1253501069E-2
885	2.1270887126E-2
886	2.1288238079E-2
887	2.130546099E-2
888	2.1322623716E-2
889	2.1339836383E-2
890	2.1357285134E-2
891	2.1374707136E-2
892	2.1392152317E-2
893	2.1409570222E-2
894	2.1426957395E-2
895	2.1444282951E-2
896	2.1461518717E-2
897	2.1478684608E-2
898	2.1495939047E-2
899	2.1513319038E-2
900	2.1530560705E-2
901	2.15477234E-2
902	2.1564809109E-2
903	2.1581851735E-2
904	2.1599014303E-2
905	2.1616329649E-2
906	2.1633627144E-2
907	2.1650946603E-2
908	2.1668236335E-2
909	2.1685444946E-2
910	2.1702598406E-2
911	2.1719679487E-2
912	2.1736704194E-2
913	2.1754017463E-2
914	2.1771158E-2
915	2.1788276285E-2
916	2.180528239E-2
917	2.1822220392E-2
918	2.1839152561E-2
919	2.1856313723E-2
920	2.1873474015E-2
921	2.1890657553E-2
922	2.1907843074E-2
923	2.1924979748E-2
924	2.1942043783E-2
925	2.1959053786E-2
926	2.1975961482E-2
927	2.1993012831E-2
928	2.2010159453E-2
929	2.2027177259E-2
930	2.2044124362E-2
931	2.2060973234E-2
932	2.2077784174E-2
933	2.2094635427E-2
934	2.2111705065E-2
935	2.2128746865E-2
936	2.2145809514E-2
937	2.2162837958E-2
938	2.2179820088E-2
939	2.2196720603E-2
940	2.2213586703E-2
941	2.2230400268E-2
942	2.2247492837E-2
943	2.2264443565E-2
944	2.2281342881E-2
945	2.2298133985E-2
946	2.2314873463E-2
947	2.2331538635E-2
948	2.2348312834E-2
949	2.2365251218E-2
950	2.2382191105E-2
951	2.2399115944E-2
952	2.2416042107E-2
953	2.2432872636E-2
954	2.244963865E-2
955	2.2466330487E-2
956	2.248310138E-2
957	2.2500058446E-2
958	2.2516879832E-2
959	2.2533630551E-2
960	2.2550288435E-2
961	2.2566894597E-2
962	2.258345341E-2
963	2.2600141009E-2
964	2.2616957995E-2
965	2.2633785932E-2
966	2.2650611664E-2
967	2.2667375861E-2
968	2.2684063265E-2
969	2.2700700789E-2
970	2.2717288479E-2
971	2.2734069721E-2
972	2.275086459E-2
973	2.2767569103E-2
974	2.278418265E-2
975	2.2800726686E-2
976	2.2817185924E-2
977	2.2833654752E-2
978	2.2850258919E-2
979	2.2866970453E-2
980	2.2883693025E-2
981	2.2900373196E-2
982	2.2917015169E-2
983	2.2933587464E-2
984	2.2950098718E-2
985	2.296660168E-2
986	2.2983348898E-2
987	2.2999964328E-2
988	2.3016555431E-2
989	2.3033053349E-2
990	2.3049493053E-2
991	2.3065826298E-2
992	2.3082209E-2
993	2.3098744095E-2
994	2.3115364843E-2
995	2.3131958259E-2
996	2.3148539411E-2
997	2.3165036107E-2
998	2.3181484265E-2
999	2.3197873193E-2
1000	2.3214351353E-2
1001	2.3230989255E-2
1002	2.3247516408E-2
1003	2.326397951E-2
1004	2.328034221E-2
1005	2.3296662685E-2
1006	2.3312920498E-2
1007	2.3329199344E-2
1008	2.3345648434E-2
1009	2.3362166455E-2
1010	2.3378651877E-2
1011	2.3395085399E-2
1012	2.3411487916E-2
1013	2.3427813411E-2
1014	2.3444085811E-2
1015	2.3460511009E-2
1016	2.3477007872E-2
1017	2.3493413678E-2
1018	2.3509772083E-2
1019	2.3526035945E-2
1020	2.3542244912E-2
1021	2.3558364512E-2
1022	2.3574531305E-2
1023	2.3590893361E-2
1024	2.3607277503E-2
1025	2.3623655292E-2
1026	2.3639984151E-2
1027	2.3656266952E-2
1028	2.3672484017E-2
1029	2.3688677746E-2
1030	2.3705056906E-2
1031	2.3721444337E-2
1032	2.3737747886E-2
1033	2.3753975044E-2
1034	2.377014554E-2
1035	2.3786234722E-2
1036	2.3802269911E-2
1037	2.3818306301E-2
1038	2.3834562851E-2
1039	2.38508524E-2
1040	2.3867119184E-2
1041	2.3883333318E-2
1042	2.3899500859E-2
1043	2.3915621899E-2
1044	2.393171612E-2
1045	2.3948035204E-2
1046	2.3964305361E-2
1047	2.3980534022E-2
1048	2.3996656652E-2
1049	2.4012715492E-2
1050	2.4028696204E-2
1051	2.4044640466E-2
1052	2.406058726E-2
1053	2.4076745851E-2
1054	2.4092931189E-2
1055	2.4109096992E-2
1056	2.4125219288E-2
1057	2.4141280719E-2
1058	2.4157275156E-2
1059	2.4173314228E-2
1060	2.4189572743E-2
1061	2.420573951E-2
1062	2.4221857095E-2
1063	2.4237858253E-2
1064	2.4253835055E-2
1065	2.4269713445E-2
1066	2.4285563283E-2
1067	2.43014475E-2
1068	2.4317517987E-2
1069	2.4333631733E-2
1070	2.4349711678E-2
1071	2.4365725139E-2
1072	2.438168603E-2
1073	2.4397571985E-2
1074	2.4413543822E-2
1075	2.4429692801E-2
1076	2.4445763965E-2
1077	2.4461785857E-2
1078	2.4477707202E-2
1079	2.4493573743E-2
1080	2.4509386848E-2
1081	2.4525153819E-2
1082	2.4540921274E-2
1083	2.4556870311E-2
1084	2.4572860097E-2
1085	2.4588826905E-2
1086	2.4604749948E-2
1087	2.4620623367E-2
1088	2.4636418809E-2
1089	2.4652303242E-2
1090	2.4668385105E-2
1091	2.4684372453E-2
1092	2.4700297716E-2
1093	2.4716151343E-2
1094	2.4731929147E-2
1095	2.4747668956E-2
1096	2.4763330112E-2
1097	2.4779017903E-2
1098	2.4794835948E-2
1099	2.4810740115E-2
1100	2.4826601423E-2
1101	2.4842419704E-2
1102	2.4858180918E-2
1103	2.4873897845E-2
1104	2.4889699134E-2
1105	2.4905681446E-2
1106	2.4921578265E-2
1107	2.4937437578E-2
1108	2.4953198466E-2
1109	2.4968908607E-2
1110	2.4984557758E-2
1111	2.5000165708E-2
1112	2.5015733332E-2
1113	2.5031441168E-2
1114	2.5047246534E-2
1115	2.5063017256E-2
1116	2.5078746927E-2
1117	2.5094436079E-2
1118	2.5110063448E-2
1119	2.5125779706E-2
1120	2.5141678273E-2
1121	2.5157509755E-2
1122	2.5173276958E-2
1123	2.5188947823E-2
1124	2.5204579315E-2
1125	2.5220137603E-2
1126	2.5235647585E-2
1127	2.5251134695E-2
1128	2.5266707983E-2
1129	2.5282414298E-2
1130	2.5298101027E-2
1131	2.5313744314E-2
1132	2.5329352407E-2
1133	2.5344907333E-2
1134	2.5360530891E-2
1135	2.5376332691E-2
1136	2.5392069923E-2
1137	2.5407763003E-2
1138	2.5423367846E-2
1139	2.5438910329E-2
1140	2.5454401916E-2
1141	2.546982215E-2
1142	2.5485206674E-2
1143	2.5500667345E-2
1144	2.5516262566E-2
1145	2.5531874353E-2
1146	2.5547423273E-2
1147	2.5562951953E-2
1148	2.5578429824E-2
1149	2.5593961527E-2
1150	2.5609650697E-2
1151	2.5625316226E-2
1152	2.5640920444E-2
1153	2.5656439115E-2
1154	2.5671922138E-2
1155	2.5687327135E-2
1156	2.5702708598E-2
1157	2.5718003748E-2
1158	2.573335667E-2
1159	2.5748846205E-2
1160	2.5764373776E-2
1161	2.5779860976E-2
1162	2.5795323408E-2
1163	2.5810708606E-2
1164	2.5826128035E-2
1165	2.5841735901E-2
1166	2.5857326869E-2
1167	2.5872867905E-2
1168	2.5888357558E-2
1169	2.5903773384E-2
1170	2.5919114519E-2
1171	2.5934406831E-2
1172	2.594963259E-2
1173	2.5964888284E-2
1174	2.5980214166E-2
1175	2.5995665902E-2
1176	2.6011067992E-2
1177	2.6026430508E-2
1178	2.6041741467E-2
1179	2.6057049954E-2
1180	2.607253891E-2
1181	2.6088054063E-2
1182	2.6103539407E-2
1183	2.6118934474E-2
1184	2.6134270042E-2
1185	2.6149558041E-2
1186	2.616479183E-2
1187	2.6179957952E-2
1188	2.6195105115E-2
1189	2.6210319392E-2
1190	2.6225653178E-2
1191	2.6240983065E-2
1192	2.625626854E-2
1193	2.6271518616E-2
1194	2.6286746363E-2
1195	2.6302103968E-2
1196	2.6317568696E-2
1197	2.6332975358E-2
1198	2.6348304109E-2
1199	2.6363555111E-2
1200	2.6378768749E-2
1201	2.6393942932E-2
1202	2.6409061538E-2
1203	2.6424129728E-2
1204	2.6439214096E-2
1205	2.645443826E-2
1206	2.6469690873E-2
1207	2.6484906924E-2
1208	2.6500093168E-2
1209	2.6515237416E-2
1210	2.6530484707E-2
1211	2.654588814E-2
1212	2.6561214751E-2
1213	2.6576505027E-2
1214	2.6591727794E-2
1215	2.6606897125E-2
1216	2.6621995714E-2
1217	2.6637054489E-2
1218	2.665204779E-2
1219	2.6667056985E-2
1220	2.6682145027E-2
1221	2.6697320487E-2
1222	2.6712463553E-2
1223	2.6727586345E-2
1224	2.6742660076E-2
1225	2.6757799958E-2
1226	2.6773116362E-2
1227	2.6788395677E-2
1228	2.6803639896E-2
1229	2.6818778437E-2
1230	2.6833897438E-2
1231	2.6848951294E-2
1232	2.6863963055E-2
1233	2.6878908163E-2
1234	2.6893827012E-2
1235	2.6908808083E-2
1236	2.6923884892E-2
1237	2.6938966346E-2
1238	2.6954019263E-2
1239	2.6969017644E-2
1240	2.6984042663E-2
1241	2.699923018E-2
1242	2.7014449338E-2
1243	2.7029622974E-2
1244	2.7044729533E-2
1245	2.7059783908E-2
1246	2.7074778375E-2
1247	2.7089731939E-2
1248	2.7104634658E-2
1249	2.7119477482E-2
1250	2.7134356592E-2
1251	2.7149289632E-2
1252	2.7164299773E-2
1253	2.7179296774E-2
1254	2.7194245837E-2
1255	2.7209180762E-2
1256	2.7224233929E-2
1257	2.7239408118E-2
1258	2.725453565E-2
1259	2.7269613173E-2
1260	2.7284603204E-2
1261	2.7299545273E-2
1262	2.7314435107E-2
1263	2.732928398E-2
1264	2.7344075095E-2
1265	2.7358849382E-2
1266	2.7373650932E-2
1267	2.7388566813E-2
1268	2.7403503927E-2
1269	2.7418393024E-2
1270	2.7433254278E-2
1271	2.7448167457E-2
1272	2.7463246973E-2
1273	2.7478302846E-2
1274	2.7493321287E-2
1275	2.7508277271E-2
1276	2.7523186477E-2
1277	2.7538028058E-2
1278	2.7552826642E-2
1279	2.7567574493E-2
1280	2.7582280517E-2
1281	2.7596991923E-2
1282	2.761176944E-2
1283	2.7626628837E-2
1284	2.7641473248E-2
1285	2.7656273976E-2
1286	2.7671107127E-2
1287	2.7686078304E-2
1288	2.7701083008E-2
1289	2.7716070629E-2
1290	2.7730981143E-2
1291	2.7745833649E-2
1292	2.7760634587E-2
1293	2.7775384633E-2
1294	2.7790084868E-2
1295	2.7804742164E-2
1296	2.781936054E-2
1297	2.7834008783E-2
1298	2.7848761053E-2
1299	2.7863562387E-2
1300	2.7878326492E-2
1301	2.7893061881E-2
1302	2.7907904152E-2
1303	2.792285327E-2
1304	2.7937771917E-2
1305	2.7952644597E-2
1306	2.7967450182E-2
1307	2.7982210023E-2
1308	2.7996913961E-2
1309	2.8011575203E-2
1310	2.8026179834E-2
1311	2.8040731907E-2
1312	2.8055301482E-2
1313	2.8069918775E-2
1314	2.8084621942E-2
1315	2.809934394E-2
1316	2.8114013519E-2
1317	2.8128740443E-2
1318	2.8143605271E-2
1319	2.8158468523E-2
1320	2.8173305863E-2
1321	2.8188091302E-2
1322	2.82028075E-2
1323	2.8217465988E-2
1324	2.82320762E-2
1325	2.8246642078E-2
1326	2.826117276E-2
1327	2.8275656077E-2
1328	2.8290162828E-2
1329	2.8304737144E-2
1330	2.8319378029E-2
1331	2.8333973211E-2
1332	2.8348576471E-2
1333	2.8363276176E-2
1334	2.837810592E-2
1335	2.8392883061E-2
1336	2.8407649102E-2
1337	2.8422317525E-2
1338	2.8436955636E-2
1339	2.8451533257E-2
1340	2.8466056355E-2
1341	2.8480548288E-2
1342	2.849497367E-2
1343	2.8509400921E-2
1344	2.852386209E-2
1345	2.8538401211E-2
1346	2.8552969202E-2
1347	2.8567510245E-2
1348	2.8582122323E-2
1349	2.8596851045E-2
1350	2.8611589416E-2
1351	2.8626310715E-2
1352	2.8640950654E-2
1353	2.8655535108E-2
1354	2.8670070315E-2
1355	2.8684572054E-2
1356	2.8699022803E-2
1357	2.8713421514E-2
1358	2.8727761962E-2
1359	2.8742139494E-2
1360	2.8756551959E-2
1361	2.8771057075E-2
1362	2.8785549964E-2
1363	2.8800044615E-2
1364	2.8814626564E-2
1365	2.8829323794E-2
1366	2.8843984133E-2
1367	2.8858609012E-2
1368	2.8873169137E-2
1369	2.8887681409E-2
1370	2.890214711E-2
1371	2.8916584138E-2
1372	2.893096558E-2
1373	2.8945286512E-2
1374	2.8959576608E-2
1375	2.8973875892E-2
1376	2.8988244718E-2
1377	2.9002678663E-2
1378	2.9017078631E-2
1379	2.9031520684E-2
1380	2.9046111821E-2
1381	2.9060713783E-2
1382	2.9075312736E-2
1383	2.9089838239E-2
1384	2.9104313568E-2
1385	2.9118732223E-2
1386	2.9133108228E-2
1387	2.9147447563E-2
1388	2.9161736761E-2
1389	2.9175973148E-2
1390	2.9190212484E-2
1391	2.9204453368E-2
1392	2.9218783704E-2
1393	2.9233150084E-2
1394	2.924751432E-2
1395	2.9261949704E-2
1396	2.9276528441E-2
1397	2.9291043304E-2
1398	2.9305552691E-2
1399	2.931998922E-2
1400	2.9334394387E-2
1401	2.9348724277E-2
1402	2.93630426E-2
1403	2.9377318176E-2
1404	2.9391529224E-2
1405	2.9405699773E-2
1406	2.9419863197E-2
1407	2.9434077299E-2
1408	2.9448357617E-2
1409	2.9462642886E-2
1410	2.9476958761E-2
1411	2.9491418406E-2
1412	2.9505911133E-2
1413	2.9520386992E-2
1414	2.9534822406E-2
1415	2.9549200467E-2
1416	2.9563528718E-2
1417	2.9577790035E-2
1418	2.9592028435E-2
1419	2.960623876E-2
1420	2.9620389827E-2
1421	2.9634489175E-2
1422	2.9648606419E-2
1423	2.966274984E-2
1424	2.9676977198E-2
1425	2.969120231E-2
1426	2.9705500183E-2
1427	2.9719920394E-2
1428	2.9734364862E-2
1429	2.9748772656E-2
1430	2.9763129603E-2
1431	2.9777427186E-2
1432	2.9791673004E-2
1433	2.9805898068E-2
1434	2.9820057825E-2
1435	2.9834178641E-2
1436	2.9848249572E-2
1437	2.9862286999E-2
1438	2.987635532E-2
1439	2.9890472915E-2
1440	2.9904658387E-2
1441	2.9918857931E-2
1442	2.9933139486E-2
1443	2.9947551681E-2
1444	2.9961891813E-2
1445	2.9976228198E-2
1446	2.9990492743E-2
1447	3.0004731986E-2
1448	3.0018884527E-2
1449	3.0033025759E-2
1450	3.0047114682E-2
1451	3.0061145723E-2
1452	3.0075131527E-2
1453	3.008912359E-2
1454	3.0103120566E-2
1455	3.0117163955E-2
1456	3.0131270135E-2
1457	3.014543344E-2
1458	3.0159693365E-2
1459	3.0174008395E-2
1460	3.0188290887E-2
1461	3.0202544211E-2
1462	3.0216742506E-2
1463	3.0230881739E-2
1464	3.0244999031E-2
1465	3.0259078507E-2
1466	3.0273106355E-2
1467	3.0287088763E-2
1468	3.0301015872E-2
1469	3.0314939645E-2
1470	3.0328887012E-2
1471	3.0342892155E-2
1472	3.0356952798E-2
1473	3.0371066667E-2
1474	3.0385313584E-2
1475	3.0399578708E-2
1476	3.0413817229E-2
1477	3.0428009734E-2
1478	3.0442144235E-2
1479	3.0456216102E-2
1480	3.0470273622E-2
1481	3.0484277031E-2
1482	3.0498238877E-2
1483	3.0512169416E-2
1484	3.0526042844E-2
1485	3.0539899506E-2
1486	3.0553799006E-2
1487	3.0567765204E-2
1488	3.0581786558E-2
1489	3.0595878936E-2
1490	3.0610108451E-2
1491	3.0624301984E-2
1492	3.0638493612E-2
1493	3.0652613967E-2
1494	3.0666696126E-2
1495	3.0680703895E-2
1496	3.0694705707E-2
1497	3.0708653032E-2
1498	3.0722572284E-2
1499	3.0736406146E-2
1500	3.0750225773E-2
1501	3.0764027178E-2
1502	3.0777856047E-2
1503	3.0791755091E-2
1504	3.0805743655E-2
1505	3.0819809443E-2
1506	3.0833971716E-2
1507	3.0848091574E-2
1508	3.0862195891E-2
1509	3.0876256363E-2
1510	3.0890270091E-2
1511	3.0904245517E-2
1512	3.0918183396E-2
1513	3.0932073486E-2
1514	3.0945927741E-2
1515	3.0959718052E-2
1516	3.0973474669E-2
1517	3.0987223421E-2
1518	3.1001022193E-2
1519	3.1014881905E-2
1520	3.102881542E-2
1521	3.1042865562E-2
1522	3.1056984493E-2
1523	3.1071069443E-2
1524	3.1085133922E-2
1525	3.1099122729E-2
1526	3.1113075863E-2
1527	3.1126968029E-2
1528	3.1140853743E-2
1529	3.1154673696E-2
1530	3.1168453819E-2
1531	3.1182163827E-2
1532	3.1195868125E-2
1533	3.1209566739E-2
1534	3.1223291629E-2
1535	3.1237087463E-2
1536	3.1250992737E-2
1537	3.1265017659E-2
1538	3.1279067747E-2
1539	3.1293092624E-2
1540	3.1307089547E-2
1541	3.1321032635E-2
1542	3.1334916872E-2
1543	3.1348763521E-2
1544	3.1362583971E-2
1545	3.137634998E-2
1546	3.1390063323E-2
1547	3.1403727946E-2
1548	3.1417385163E-2
1549	3.1431043413E-2
1550	3.1444722408E-2
1551	3.14584649E-2
1552	3.1472325981E-2
1553	3.1486320881E-2
1554	3.1500321752E-2
1555	3.1514294815E-2
1556	3.1528229524E-2
1557	3.1542125155E-2
1558	3.1555948348E-2
1559	3.1569743899E-2
1560	3.1583507125E-2
1561	3.1597221788E-2
1562	3.1610885112E-2
1563	3.1624504034E-2
1564	3.1638106432E-2
1565	3.1651685074E-2
1566	3.1665307038E-2
1567	3.1679034238E-2
1568	3.1692869889E-2
1569	3.1706817783E-2
1570	3.1720754087E-2
1571	3.1734677826E-2
1572	3.1748561804E-2
1573	3.1762395784E-2
1574	3.1776193463E-2
1575	3.178994576E-2
1576	3.1803668858E-2
1577	3.1817326626E-2
1578	3.1830960965E-2
1579	3.1844511914E-2
1580	3.1858058778E-2
1581	3.1871596622E-2
1582	3.1885163418E-2
1583	3.1898839335E-2
1584	3.1912643411E-2
1585	3.1926546678E-2
1586	3.1940448982E-2
1587	3.1954323193E-2
1588	3.1968148993E-2
1589	3.1981937689E-2
1590	3.1995683475E-2
1591	3.2009373735E-2
1592	3.2023030006E-2
1593	3.2036654377E-2
1594	3.2050236135E-2
1595	3.2063757556E-2
1596	3.2077250178E-2
1597	3.2090737001E-2
1598	3.2104280669E-2
1599	3.2117911028E-2
1600	3.2131658124E-2
1601	3.2145504795E-2
1602	3.2159324575E-2
1603	3.2173137482E-2
1604	3.2186908013E-2
1605	3.2200638604E-2
1606	3.2214318908E-2
1607	3.2227955923E-2
1608	3.2241549174E-2
1609	3.2255121358E-2
1610	3.2268649147E-2
1611	3.2282112287E-2
1612	3.2295568174E-2
1613	3.2309017381E-2
1614	3.2322510654E-2
1615	3.2336099185E-2
1616	3.2349817426E-2
1617	3.2363641983E-2
1618	3.2377420609E-2
1619	3.2391199974E-2
1620	3.2404925066E-2
1621	3.2418602729E-2
1622	3.2432243065E-2
1623	3.2445847557E-2
1624	3.2459409903E-2
1625	3.2472930005E-2
1626	3.248639707E-2
1627	3.249981024E-2
1628	3.251322649E-2
1629	3.2526625753E-2
1630	3.2540064662E-2
1631	3.2553612029E-2
1632	3.2567280411E-2
1633	3.2581068819E-2
1634	3.2594806044E-2
1635	3.260855476E-2
1636	3.262223246E-2
1637	3.2635871207E-2
1638	3.2649471587E-2
1639	3.2663019298E-2
1640	3.2676525139E-2
1641	3.2689997803E-2
1642	3.2703417264E-2
1643	3.2716794664E-2
1644	3.2730171238E-2
1645	3.2743514831E-2
1646	3.275687945E-2
1647	3.2770371407E-2
1648	3.2783993154E-2
1649	3.2797703095E-2
1650	3.28114046E-2
1651	3.2825094467E-2
1652	3.2838737504E-2
1653	3.2852348614E-2
1654	3.2865902867E-2
1655	3.2879408214E-2
1656	3.2892882758E-2
1657	3.2906306469E-2
1658	3.2919690153E-2
1659	3.2933009427E-2
1660	3.2946322519E-2
1661	3.2959647372E-2
1662	3.2972983165E-2
1663	3.2986408255E-2
1664	3.2999977945E-2
1665	3.3013648066E-2
1666	3.3027290588E-2
1667	3.3040929135E-2
1668	3.3054527902E-2
1669	3.3068086699E-2
1670	3.3081580074E-2
1671	3.3095044351E-2
1672	3.3108460174E-2
1673	3.3121836907E-2
1674	3.3135178407E-2
1675	3.3148475738E-2
1676	3.316176457E-2
1677	3.317503214E-2
1678	3.3188331356E-2
1679	3.3201704096E-2
1680	3.3215197911E-2
1681	3.322884397E-2
1682	3.324244047E-2
1683	3.3256026815E-2
1684	3.32695832E-2
1685	3.3283103735E-2
1686	3.3296575487E-2
1687	3.3310001689E-2
1688	3.3323393605E-2
1689	3.3336745214E-2
1690	3.335004228E-2
1691	3.3363289633E-2
1692	3.337651983E-2
1693	3.3389747229E-2
1694	3.3402980628E-2
1695	3.341630874E-2
1696	3.3429760669E-2
1697	3.3443351626E-2
1698	3.3456918642E-2
1699	3.3470456879E-2
1700	3.348397487E-2
1701	3.3497445207E-2
1702	3.351087444E-2
1703	3.3524267665E-2
1704	3.3537616412E-2
1705	3.3550926631E-2
1706	3.3564178168E-2
1707	3.3577391298E-2
1708	3.3590583814E-2
1709	3.3603763337E-2
1710	3.3616938154E-2
1711	3.3630202384E-2
1712	3.3643600754E-2
1713	3.3657125939E-2
1714	3.3670650698E-2
1715	3.3684154392E-2
1716	3.3697626596E-2
1717	3.371106296E-2
1718	3.3724467159E-2
1719	3.373780936E-2
1720	3.3751114483E-2
1721	3.3764395213E-2
1722	3.3777634758E-2
1723	3.3790816095E-2
1724	3.380397076E-2
1725	3.3817102201E-2
1726	3.3830243404E-2
1727	3.3843464644E-2
1728	3.3856772477E-2
1729	3.3870252748E-2
1730	3.3883743124E-2
1731	3.389721676E-2
1732	3.3910636423E-2
1733	3.3924027729E-2
1734	3.3937384179E-2
1735	3.3950686065E-2
1736	3.3963963295E-2
1737	3.3977189686E-2
1738	3.3990380284E-2
1739	3.4003528792E-2
1740	3.4016639769E-2
1741	3.4029754191E-2
1742	3.4042844274E-2
1743	3.4056015307E-2
1744	3.4069289927E-2
1745	3.40827061E-2
1746	3.4096149729E-2
1747	3.4109578527E-2
1748	3.4122974574E-2
1749	3.413634675E-2
1750	3.4149669101E-2
1751	3.4162951863E-2
1752	3.4176173637E-2
1753	3.4189363064E-2
1754	3.4202516292E-2
1755	3.4215620309E-2
1756	3.4228692722E-2
1757	3.4241751238E-2
1758	3.4254811943E-2
1759	3.4267891905E-2
1760	3.4281093366E-2
1761	3.4294436027E-2
1762	3.4307840807E-2
1763	3.4321229774E-2
1764	3.433458646E-2
1765	3.4347915568E-2
1766	3.436120322E-2
1767	3.4374444173E-2
1768	3.4387643155E-2
1769	3.4400813412E-2
1770	3.4413939616E-2
1771	3.4427019068E-2
1772	3.4440050319E-2
1773	3.4453081445E-2
1774	3.4466096596E-2
1775	3.4479150372E-2
1776	3.4492285818E-2
1777	3.4505561813E-2
1778	3.451892193E-2
1779	3.453227877E-2
1780	3.4545598068E-2
1781	3.4558895509E-2
1782	3.4572143109E-2
1783	3.4585358215E-2
1784	3.4598536094E-2
1785	3.4611659002E-2
1786	3.4624753233E-2
1787	3.4637814279E-2
1788	3.465081276E-2
1789	3.4663804416E-2
1790	3.4676797735E-2
1791	3.4689809485E-2
1792	3.4702892632E-2
1793	3.4716081275E-2
1794	3.4729399962E-2
1795	3.4742718173E-2
1796	3.4756004028E-2
1797	3.476925536E-2
1798	3.4782472804E-2
1799	3.4795643377E-2
1800	3.4808789936E-2
1801	3.4821893873E-2
1802	3.4834960267E-2
1803	3.4847992709E-2
1804	3.4860961933E-2
1805	3.4873909767E-2
1806	3.4886854163E-2
1807	3.4899815056E-2
1808	3.4912844008E-2
1809	3.4925973849E-2
1810	3.493921002E-2
1811	3.4952498057E-2
1812	3.4965759128E-2
1813	3.4978988223E-2
1814	3.4992185261E-2
1815	3.50053511E-2
1816	3.501846859E-2
1817	3.5031543385E-2
1818	3.5044587031E-2
1819	3.5057588467E-2
1820	3.5070536719E-2
1821	3.5083453132E-2
1822	3.5096377254E-2
1823	3.5109293597E-2
1824	3.512226922E-2
1825	3.513533108E-2
1826	3.5148511748E-2
1827	3.51617468E-2
1828	3.5174974401E-2
1829	3.5188182886E-2
1830	3.5201346521E-2
1831	3.5214471425E-2
1832	3.5227567693E-2
1833	3.524061896E-2
1834	3.5253639425E-2
1835	3.5266611744E-2
1836	3.527955526E-2
1837	3.5292458013E-2
1838	3.5305334048E-2
1839	3.5318213405E-2
1840	3.5331125355E-2
1841	3.5344141175E-2
1842	3.5357266178E-2
1843	3.5370426052E-2
1844	3.5383609918E-2
1845	3.5396775897E-2
1846	3.5409906491E-2
1847	3.5423015942E-2
1848	3.5436072444E-2
1849	3.544910273E-2
1850	3.5462084627E-2
1851	3.5475030248E-2
1852	3.548794186E-2
1853	3.5500799058E-2
1854	3.5513650346E-2
1855	3.5526510841E-2
1856	3.5539376915E-2
1857	3.5552307192E-2
1858	3.5565345144E-2
1859	3.5578478267E-2
1860	3.5591649395E-2
1861	3.5604796109E-2
1862	3.5617905688E-2
1863	3.563099242E-2
1864	3.5644027686E-2
1865	3.5657021808E-2
1866	3.566996929E-2
1867	3.5682894052E-2
1868	3.5695775621E-2
1869	3.5708616367E-2
1870	3.5721418531E-2
1871	3.5734237125E-2
1872	3.5747056272E-2
1873	3.5759947827E-2
1874	3.5772933905E-2
1875	3.578601202E-2
1876	3.5799116456E-2
1877	3.5812239197E-2
1878	3.5825324173E-2
1879	3.5838380161E-2
1880	3.5851399875E-2
1881	3.5864372364E-2
1882	3.5877311871E-2
1883	3.589020707E-2
1884	3.5903064693E-2
1885	3.5915871936E-2
1886	3.5928643281E-2
1887	3.5941401741E-2
1888	3.5954180258E-2
1889	3.5967018735E-2
1890	3.5979947608E-2
1891	3.5992963367E-2
1892	3.6006036682E-2
1893	3.6019113244E-2
1894	3.6032184603E-2
1895	3.6045214585E-2
1896	3.6058194629E-2
1897	3.607115212E-2
1898	3.6084064941E-2
1899	3.6096938561E-2
1900	3.6109769018E-2
1901	3.6122579146E-2
1902	3.613534603E-2
1903	3.6148095687E-2
1904	3.6160839027E-2
1905	3.6173600158E-2
1906	3.6186437193E-2
1907	3.6199389204E-2
1908	3.6212398604E-2
1909	3.6225438401E-2
1910	3.6238474697E-2
1911	3.6251486167E-2
1912	3.6264474236E-2
1913	3.62774087E-2
1914	3.6290316923E-2
1915	3.6303158331E-2
1916	3.6315988535E-2
1917	3.6328754446E-2
1918	3.6341480713E-2
1919	3.6354206475E-2
1920	3.6366911772E-2
1921	3.6379635894E-2
1922	3.6392420936E-2
1923	3.640528887E-2
1924	3.6418247327E-2
1925	3.6431216639E-2
1926	3.6444233007E-2
1927	3.6457220933E-2
1928	3.6470183576E-2
1929	3.6483115829E-2
1930	3.6495996138E-2
1931	3.6508847297E-2
1932	3.6521653795E-2
1933	3.6534403934E-2
1934	3.6547117328E-2
1935	3.6559801762E-2
1936	3.6572479407E-2
1937	3.6585182395E-2
1938	3.6597918324E-2
1939	3.6610730319E-2
1940	3.6623630979E-2
1941	3.6636566425E-2
1942	3.6649538951E-2
1943	3.6662501157E-2
1944	3.6675428361E-2
1945	3.668832365E-2
1946	3.6701211379E-2
1947	3.671404615E-2
1948	3.6726834612E-2
1949	3.6739568177E-2
1950	3.6752257151E-2
1951	3.6764928554E-2
1952	3.6777590388E-2
1953	3.6790257973E-2
1954	3.6802944082E-2
1955	3.6815683286E-2
1956	3.682852952E-2
1957	3.6841440889E-2
1958	3.6854363806E-2
1959	3.6867294754E-2
1960	3.6880217293E-2
1961	3.6893091672E-2
1962	3.6905944646E-2
1963	3.6918761653E-2
1964	3.6931526052E-2
1965	3.6944245095E-2
1966	3.6956934198E-2
1967	3.6969590213E-2
1968	3.698221845E-2
1969	3.6994841211E-2
1970	3.7007488897E-2
1971	3.7020187342E-2
1972	3.703294124E-2
1973	3.704580368E-2
1974	3.705866593E-2
1975	3.7071558348E-2
1976	3.7084449696E-2
1977	3.7097323952E-2
1978	3.7110155416E-2
1979	3.7122959954E-2
1980	3.7135711703E-2
1981	3.7148418289E-2
1982	3.7161097558E-2
1983	3.7173742013E-2
1984	3.7186337994E-2
1985	3.7198938528E-2
1986	3.7211542335E-2
1987	3.7224178759E-2
1988	3.7236882235E-2
1989	3.7249679956E-2
1990	3.7262528602E-2
1991	3.7275364631E-2
1992	3.7288222422E-2
1993	3.7301073598E-2
1994	3.7313879645E-2
1995	3.7326674937E-2
1996	3.7339419084E-2
1997	3.7352105174E-2
1998	3.7364783899E-2
1999	3.7377401472E-2
2000	3.7389992119E-2
2001	3.7402578093E-2
2002	3.7415148192E-2
2003	3.742774357E-2
2004	3.7440389598E-2
2005	3.7453109812E-2
2006	3.7465909896E-2
2007	3.7478724402E-2
2008	3.749154383E-2
2009	3.7504375235E-2
2010	3.751719345E-2
2011	3.7529958996E-2
2012	3.7542687629E-2
2013	3.7555388919E-2
2014	3.7568053391E-2
2015	3.7580669504E-2
2016	3.7593238385E-2
2017	3.7605799076E-2
2018	3.7618354185E-2
2019	3.7630920595E-2
2020	3.7643512465E-2
2021	3.7656176713E-2
2022	3.7668915671E-2
2023	3.7681686304E-2
2024	3.7694469897E-2
2025	3.7707256825E-2
2026	3.7720030969E-2
2027	3.77327815E-2
2028	3.774549521E-2
2029	3.7758161352E-2
2030	3.7770788497E-2
2031	3.7783396876E-2
2032	3.7795961027E-2
2033	3.7808503891E-2
2034	3.7821024396E-2
2035	3.7833563853E-2
2036	3.7846106378E-2
2037	3.78587221E-2
2038	3.7871400402E-2
2039	3.7884143934E-2
2040	3.7896892032E-2
2041	3.7909661097E-2
2042	3.7922414979E-2
2043	3.7935163791E-2
2044	3.7947880127E-2
2045	3.7960571695E-2
2046	3.7973179188E-2
2047	3.7985769157E-2
2048	3.7998330308E-2
2049	3.8010847607E-2
2050	3.8023345977E-2
2051	3.8035835743E-2
2052	3.8048357875E-2
2053	3.8060911623E-2
2054	3.8073530194E-2
2055	3.8086232532E-2
2056	3.8098943724E-2
2057	3.8111650216E-2
2058	3.8124353499E-2
2059	3.8137061924E-2
2060	3.8149758704E-2
2061	3.8162430543E-2
2062	3.8175062439E-2
2063	3.818765285E-2
2064	3.8200203169E-2
2065	3.8212700127E-2
2066	3.8225179827E-2
2067	3.8237652272E-2
2068	3.8250136483E-2
2069	3.8262657889E-2
2070	3.8275223829E-2
2071	3.828785999E-2
2072	3.8300564508E-2
2073	3.8313240044E-2
2074	3.8325931415E-2
2075	3.8338610038E-2
2076	3.8351290157E-2
2077	3.8363952738E-2
2078	3.8376584344E-2
2079	3.8389176372E-2
2080	3.8401711659E-2
2081	3.8414228089E-2
2082	3.8426692222E-2
2083	3.8439144122E-2
2084	3.8451584831E-2
2085	3.846406835E-2
2086	3.8476585576E-2
2087	3.8489161787E-2
2088	3.8501796305E-2
2089	3.8514462476E-2
2090	3.852713139E-2
2091	3.8539788173E-2
2092	3.8552447486E-2
2093	3.8565077036E-2
2094	3.8577674424E-2
2095	3.8590260235E-2
2096	3.8602810083E-2
2097	3.8615307024E-2
2098	3.8627779531E-2
2099	3.8640230504E-2
2100	3.8652654408E-2
2101	3.8665086793E-2
2102	3.8677565699E-2
2103	3.8690094281E-2
2104	3.8702670374E-2
2105	3.8715297477E-2
2106	3.8727917899E-2
2107	3.8740539002E-2
2108	3.8753178839E-2
2109	3.8765793832E-2
2110	3.877840177E-2
2111	3.8790980935E-2
2112	3.8803502957E-2
2113	3.8815997129E-2
2114	3.8828439286E-2
2115	3.8840851786E-2
2116	3.8853264073E-2
2117	3.8865666766E-2
2118	3.887809944E-2
2119	3.8890570036E-2
2120	3.8903082476E-2
2121	3.891565884E-2
2122	3.892826475E-2
2123	3.8940866782E-2
2124	3.8953472922E-2
2125	3.8966086121E-2
2126	3.8978700385E-2
2127	3.8991273386E-2
2128	3.9003808756E-2
2129	3.9016297952E-2
2130	3.9028757664E-2
2131	3.9041174264E-2
2132	3.9053575652E-2
2133	3.9065960756E-2
2134	3.907835391E-2
2135	3.9090793124E-2
2136	3.9103265769E-2
2137	3.9115791405E-2
2138	3.9128360175E-2
2139	3.9140948408E-2
2140	3.9153519461E-2
2141	3.9166087266E-2
2142	3.9178652249E-2
2143	3.9191198175E-2
2144	3.9203721161E-2
2145	3.9216212082E-2
2146	3.9228649947E-2
2147	3.9241060269E-2
2148	3.9253444337E-2
2149	3.9265798445E-2
2150	3.9278161758E-2
2151	3.9290545501E-2
2152	3.9302983056E-2
2153	3.9315452308E-2
2154	3.9327981001E-2
2155	3.9340537689E-2
2156	3.9353086914E-2
2157	3.9365625106E-2
2158	3.9378175633E-2
2159	3.9390713937E-2
2160	3.9403214563E-2
2161	3.9415699857E-2
2162	3.9428144684E-2
2163	3.9440565796E-2
2164	3.9452933511E-2
2165	3.9465291617E-2
2166	3.9477629992E-2
2167	3.9489982864E-2
2168	3.9502356349E-2
2169	3.9514773545E-2
2170	3.9527239385E-2
2171	3.9539749716E-2
2172	3.9552293811E-2
2173	3.9564823586E-2
2174	3.9577339637E-2
2175	3.9589855514E-2
2176	3.9602363306E-2
2177	3.9614843652E-2
2178	3.9627303199E-2
2179	3.9639728364E-2
2180	3.9652106668E-2
2181	3.9664453488E-2
2182	3.967678932E-2
2183	3.9689116084E-2
2184	3.9701452634E-2
2185	3.9713836616E-2
2186	3.9726271762E-2
2187	3.973874934E-2
2188	3.9751253346E-2
2189	3.9763759247E-2
2190	3.97762662E-2
2191	3.9788771376E-2
2192	3.9801269561E-2
2193	3.9813747973E-2
2194	3.9826207921E-2
2195	3.9838622184E-2
2196	3.9851003652E-2
2197	3.9863345241E-2
2198	3.9875662986E-2
2199	3.9887986964E-2
2200	3.990031034E-2
2201	3.991264964E-2
2202	3.9925034183E-2
2203	3.9937477293E-2
2204	3.9949936061E-2
2205	3.9962434726E-2
2206	3.9974919162E-2
2207	3.9987392394E-2
2208	3.9999856203E-2
2209	4.0012321036E-2
2210	4.0024775015E-2
2211	4.003720301E-2
2212	4.0049584315E-2
2213	4.0061924865E-2
2214	4.0074239568E-2
2215	4.0086534271E-2
2216	4.0098829505E-2
2217	4.0111139459E-2
2218	4.0123486349E-2
2219	4.0135876322E-2
2220	4.0148300123E-2
2221	4.0160759976E-2
2222	4.0173242751E-2
2223	4.0185693043E-2
2224	4.0198133676E-2
2225	4.0210591951E-2
2226	4.0223022414E-2
2227	4.0235431856E-2
2228	4.0247802133E-2
2229	4.0260158555E-2
2230	4.0272474932E-2
2231	4.0284763642E-2
2232	4.029704429E-2
2233	4.0309335758E-2
2234	4.0321631185E-2
2235	4.0333982977E-2
2236	4.0346362889E-2
2237	4.0358788627E-2
2238	4.0371238098E-2
2239	4.0383698872E-2
2240	4.0396139576E-2
2241	4.0408554152E-2
2242	4.0420962607E-2
2243	4.0433382289E-2
2244	4.0445766966E-2
2245	4.0458127596E-2
2246	4.0470450893E-2
2247	4.0482743014E-2
2248	4.0495017906E-2
2249	4.0507267711E-2
2250	4.051954883E-2
2251	4.0531854611E-2
2252	4.0544193196E-2
2253	4.0556581161E-2
2254	4.0568993627E-2
2255	4.0581415687E-2
2256	4.0593848188E-2
2257	4.0606277781E-2
2258	4.0618686095E-2
2259	4.0631077259E-2
2260	4.0643449944E-2
2261	4.0655809251E-2
2262	4.0668129467E-2
2263	4.0680421183E-2
2264	4.0692680049E-2
2265	4.0704915964E-2
2266	4.0717175403E-2
2267	4.0729444184E-2
2268	4.074174944E-2
2269	4.0754081389E-2
2270	4.0766470083E-2
2271	4.0778880148E-2
2272	4.0791304938E-2
2273	4.0803714218E-2
2274	4.0816107609E-2
2275	4.0828466311E-2
2276	4.0840845403E-2
2277	4.0853201001E-2
2278	4.0865515783E-2
2279	4.0877817105E-2
2280	4.0890069777E-2
2281	4.0902307542E-2
2282	4.0914548837E-2
2283	4.0926788267E-2
2284	4.0939058366E-2
2285	4.0951368071E-2
2286	4.0963701973E-2
2287	4.0976057334E-2
2288	4.0988443051E-2
2289	4.1000849838E-2
2290	4.1013245666E-2
2291	4.1025616925E-2
2292	4.1037975785E-2
2293	4.1050319999E-2
2294	4.1062634364E-2
2295	4.1074927909E-2
2296	4.1087196103E-2
2297	4.1099423822E-2
2298	4.1111643748E-2
2299	4.1123858463E-2
2300	4.1136079833E-2
2301	4.1148339263E-2
2302	4.1160642305E-2
2303	4.1172973289E-2
2304	4.1185347517E-2
2305	4.119774207E-2
2306	4.1210119902E-2
2307	4.1222476355E-2
2308	4.1234842755E-2
2309	4.1247185414E-2
2310	4.1259500519E-2
2311	4.1271800609E-2
2312	4.1284075459E-2
2313	4.1296314263E-2
2314	4.1308530844E-2
2315	4.1320734972E-2
2316	4.1332942271E-2
2317	4.1345171536E-2
2318	4.1357435228E-2
2319	4.1369740544E-2
2320	4.1382069471E-2
2321	4.1394423958E-2
2322	4.1406792781E-2
2323	4.141913861E-2
2324	4.1431468413E-2
2325	4.1443776867E-2
2326	4.14560812E-2
2327	4.1468366553E-2
2328	4.1480633734E-2
2329	4.1492871956E-2
2330	4.1505098325E-2
2331	4.1517306138E-2
2332	4.1529507267E-2
2333	4.1541710555E-2
2334	4.1553941859E-2
2335	4.1566186437E-2
2336	4.1578490025E-2
2337	4.1590818215E-2
2338	4.1603166014E-2
2339	4.1615511953E-2
2340	4.1627847958E-2
2341	4.1640156793E-2
2342	4.1652456526E-2
2343	4.1664737293E-2
2344	4.1677005773E-2
2345	4.1689266614E-2
2346	4.1701497476E-2
2347	4.1713723802E-2
2348	4.1725916058E-2
2349	4.1738118382E-2
2350	4.1750311105E-2
2351	4.176253504E-2
2352	4.1774791475E-2
2353	4.178709776E-2
2354	4.1799418478E-2
2355	4.1811741416E-2
2356	4.1824081089E-2
2357	4.1836395592E-2
2358	4.1848692507E-2
2359	4.1860964576E-2
2360	4.1873236522E-2
2361	4.1885487094E-2
2362	4.1897725253E-2
2363	4.1909924026E-2
2364	4.1922118197E-2
2365	4.1934302949E-2
2366	4.1946468581E-2
2367	4.1958671782E-2
2368	4.1970899651E-2
2369	4.1983161881E-2
2370	4.1995460121E-2
2371	4.2007751979E-2
2372	4.2020064502E-2
2373	4.2032375366E-2
2374	4.2044676148E-2
2375	4.2056947865E-2
2376	4.2069199716E-2
2377	4.2081432586E-2
2378	4.2093659638E-2
2379	4.2105866548E-2
2380	4.2118050459E-2
