	161	171	8.000000e-07
	161	172	8.000000e-07
	161	173	8.000000e-07
	161	174	8.000000e-07
	161	175	8.000000e-07
	161	176	8.000000e-07
	161	177	8.000000e-07
	161	178	8.000000e-07
	161	179	8.000000e-07
	161	180	8.000000e-07
	161	181	8.000000e-07
	162	169	8.000000e-07
	162	170	8.000000e-07
	162	171	8.000000e-07
	162	172	8.000000e-07
	162	173	8.000000e-07
	162	174	8.000000e-07
	162	175	8.000000e-07
	162	176	8.000000e-07
	162	177	8.000000e-07
	162	178	8.000000e-07
	162	179	8.000000e-07
	162	180	8.000000e-07
	162	181	8.000000e-07
	162	182	8.000000e-07
	162	183	8.000000e-07
	163	167	8.000000e-07
	163	168	8.000000e-07
	163	169	8.000000e-07
	163	170	8.000000e-07
	163	171	8.000000e-07
	163	172	8.000000e-07
	163	173	8.000000e-07
	163	174	8.000000e-07
	163	175	8.000000e-07
	163	176	8.000000e-07
	163	177	8.000000e-07
	163	178	8.000000e-07
	163	179	8.000000e-07
	163	180	8.000000e-07
	163	181	8.000000e-07
	163	182	8.000000e-07
	163	183	8.000000e-07
	163	184	8.000000e-07
	163	185	8.000000e-07
	164	166	8.000000e-07
	164	167	8.000000e-07
	164	168	8.000000e-07
	164	169	8.000000e-07
	164	170	8.000000e-07
	164	171	8.000000e-07
	164	172	8.000000e-07
	164	173	8.000000e-07
	164	174	8.000000e-07
	164	175	8.000000e-07
	164	176	8.000000e-07
	164	177	8.000000e-07
	164	178	8.000000e-07
	164	179	8.000000e-07
	164	180	8.000000e-07
	164	181	8.000000e-07
	164	182	8.000000e-07
	164	183	8.000000e-07
	164	184	8.000000e-07
	164	185	8.000000e-07
	164	186	8.000000e-07
	165	165	8.000000e-07
	165	166	8.000000e-07
	165	167	8.000000e-07
	165	168	8.000000e-07
	165	169	8.000000e-07
	165	170	8.000000e-07
	165	171	8.000000e-07
	165	172	8.000000e-07
	165	173	8.000000e-07
	165	174	8.000000e-07
	165	175	8.000000e-07
	165	176	8.000000e-07
	165	177	8.000000e-07
	165	178	8.000000e-07
	165	179	8.000000e-07
	165	180	8.000000e-07
	165	181	8.000000e-07
	165	182	8.000000e-07
	165	183	8.000000e-07
	165	184	8.000000e-07
	165	185	8.000000e-07
	165	186	8.000000e-07
	165	187	8.000000e-07
	166	164	8.000000e-07
	166	165	8.000000e-07
	166	166	8.000000e-07
	166	167	8.000000e-07
	166	168	8.000000e-07
	166	169	8.000000e-07
	166	170	8.000000e-07
	166	171	8.000000e-07
	166	172	8.000000e-07
	166	173	8.000000e-07
	166	174	8.000000e-07
	166	175	8.000000e-07
	166	176	8.000000e-07
	166	177	8.000000e-07
	166	178	8.000000e-07
	166	179	8.000000e-07
	166	180	8.000000e-07
	166	181	8.000000e-07
	166	182	8.000000e-07
	166	183	8.000000e-07
	166	184	8.000000e-07
	166	185	8.000000e-07
	166	186	8.000000e-07
	166	187	8.000000e-07
	166	188	8.000000e-07
	167	163	8.000000e-07
	167	164	8.000000e-07
	167	165	8.000000e-07
	167	166	8.000000e-07
	167	167	8.000000e-07
	167	168	8.000000e-07
	167	169	8.000000e-07
	167	170	8.000000e-07
	167	171	8.000000e-07
	167	172	8.000000e-07
	167	173	8.000000e-07
	167	174	8.000000e-07
	167	175	8.000000e-07
	167	176	8.000000e-07
	167	177	8.000000e-07
	167	178	8.000000e-07
	167	179	8.000000e-07
	167	180	8.000000e-07
	167	181	8.000000e-07
	167	182	8.000000e-07
	167	183	8.000000e-07
	167	184	8.000000e-07
	167	185	8.000000e-07
	167	186	8.000000e-07
	167	187	8.000000e-07
	167	188	8.000000e-07
	167	189	8.000000e-07
	168	163	8.000000e-07
	168	164	8.000000e-07
	168	165	8.000000e-07
	168	166	8.000000e-07
	168	167	8.000000e-07
	168	168	8.000000e-07
	168	169	8.000000e-07
	168	170	8.000000e-07
	168	171	8.000000e-07
	168	172	8.000000e-07
	168	173	8.000000e-07
	168	174	8.000000e-07
	168	175	8.000000e-07
	168	176	8.000000e-07
	168	177	8.000000e-07
	168	178	8.000000e-07
	168	179	8.000000e-07
	168	180	8.000000e-07
	168	181	8.000000e-07
	168	182	8.000000e-07
	168	183	8.000000e-07
	168	184	8.000000e-07
	168	185	8.000000e-07
	168	186	8.000000e-07
	168	187	8.000000e-07
	168	188	8.000000e-07
	168	189	8.000000e-07
	169	162	8.000000e-07
	169	163	8.000000e-07
	169	164	8.000000e-07
	169	165	8.000000e-07
	169	166	8.000000e-07
	169	167	8.000000e-07
	169	168	8.000000e-07
	169	169	8.000000e-07
	169	170	8.000000e-07
	169	171	8.000000e-07
	169	172	8.000000e-07
	169	173	8.000000e-07
	169	174	8.000000e-07
	169	175	8.000000e-07
	169	176	8.000000e-07
	169	177	8.000000e-07
	169	178	8.000000e-07
	169	179	8.000000e-07
	169	180	8.000000e-07
	169	181	8.000000e-07
	169	182	8.000000e-07
	169	183	8.000000e-07
	169	184	8.000000e-07
	169	185	8.000000e-07
	169	186	8.000000e-07
	169	187	8.000000e-07
	169	188	8.000000e-07
	169	189	8.000000e-07
	169	190	8.000000e-07
	170	162	8.000000e-07
	170	163	8.000000e-07
	170	164	8.000000e-07
	170	165	8.000000e-07
	170	166	8.000000e-07
	170	167	8.000000e-07
	170	168	8.000000e-07
	170	169	8.000000e-07
	170	170	8.000000e-07
	170	171	8.000000e-07
	170	172	8.000000e-07
	170	173	8.000000e-07
	170	174	8.000000e-07
	170	175	8.000000e-07
	170	176	8.000000e-07
	170	177	8.000000e-07
	170	178	8.000000e-07
	170	179	8.000000e-07
	170	180	8.000000e-07
	170	181	8.000000e-07
	170	182	8.000000e-07
	170	183	8.000000e-07
	170	184	8.000000e-07
	170	185	8.000000e-07
	170	186	8.000000e-07
	170	187	8.000000e-07
	170	188	8.000000e-07
	170	189	8.000000e-07
	170	190	8.000000e-07
	171	161	8.000000e-07
	171	162	8.000000e-07
	171	163	8.000000e-07
	171	164	8.000000e-07
	171	165	8.000000e-07
	171	166	8.000000e-07
	171	167	8.000000e-07
	171	168	8.000000e-07
	171	169	8.000000e-07
	171	170	8.000000e-07
	171	171	8.000000e-07
	171	172	8.000000e-07
	171	173	8.000000e-07
	171	174	8.000000e-07
	171	175	8.000000e-07
	171	176	8.000000e-07
	171	177	8.000000e-07
	171	178	8.000000e-07
	171	179	8.000000e-07
	171	180	8.000000e-07
	171	181	8.000000e-07
	171	182	8.000000e-07
	171	183	8.000000e-07
	171	184	8.000000e-07
	171	185	8.000000e-07
	171	186	8.000000e-07
	171	187	8.000000e-07
	171	188	8.000000e-07
	171	189	8.000000e-07
	171	190	8.000000e-07
	171	191	8.000000e-07
	172	161	8.000000e-07
	172	162	8.000000e-07
	172	163	8.000000e-07
	172	164	8.000000e-07
	172	165	8.000000e-07
	172	166	8.000000e-07
	172	167	8.000000e-07
	172	168	8.000000e-07
	172	169	8.000000e-07
	172	170	8.000000e-07
	172	171	8.000000e-07
	172	172	8.000000e-07
	172	173	8.000000e-07
	172	174	8.000000e-07
	172	175	8.000000e-07
	172	176	8.000000e-07
	172	177	8.000000e-07
	172	178	8.000000e-07
	172	179	8.000000e-07
	172	180	8.000000e-07
	172	181	8.000000e-07
	172	182	8.000000e-07
	172	183	8.000000e-07
	172	184	8.000000e-07
	172	185	8.000000e-07
	172	186	8.000000e-07
	172	187	8.000000e-07
	172	188	8.000000e-07
	172	189	8.000000e-07
	172	190	8.000000e-07
	172	191	8.000000e-07
	173	161	8.000000e-07
	173	162	8.000000e-07
	173	163	8.000000e-07
	173	164	8.000000e-07
	173	165	8.000000e-07
	173	166	8.000000e-07
	173	167	8.000000e-07
	173	168	8.000000e-07
	173	169	8.000000e-07
	173	170	8.000000e-07
	173	171	8.000000e-07
	173	172	8.000000e-07
	173	173	8.000000e-07
	173	174	8.000000e-07
	173	175	8.000000e-07
	173	176	8.000000e-07
	173	177	8.000000e-07
	173	178	8.000000e-07
	173	179	8.000000e-07
	173	180	8.000000e-07
	173	181	8.000000e-07
	173	182	8.000000e-07
	173	183	8.000000e-07
	173	184	8.000000e-07
	173	185	8.000000e-07
	173	186	8.000000e-07
	173	187	8.000000e-07
	173	188	8.000000e-07
	173	189	8.000000e-07
	173	190	8.000000e-07
	173	191	8.000000e-07
	174	161	8.000000e-07
	174	162	8.000000e-07
	174	163	8.000000e-07
	174	164	8.000000e-07
	174	165	8.000000e-07
	174	166	8.000000e-07
	174	167	8.000000e-07
	174	168	8.000000e-07
	174	169	8.000000e-07
	174	170	8.000000e-07
	174	171	8.000000e-07
	174	172	8.000000e-07
	174	173	8.000000e-07
	174	174	8.000000e-07
	174	175	8.000000e-07
	174	176	8.000000e-07
	174	177	8.000000e-07
	174	178	8.000000e-07
	174	179	8.000000e-07
	174	180	8.000000e-07
	174	181	8.000000e-07
	174	182	8.000000e-07
	174	183	8.000000e-07
	174	184	8.000000e-07
	174	185	8.000000e-07
	174	186	8.000000e-07
	174	187	8.000000e-07
	174	188	8.000000e-07
	174	189	8.000000e-07
	174	190	8.000000e-07
	174	191	8.000000e-07
	175	161	8.000000e-07
	175	162	8.000000e-07
	175	163	8.000000e-07
	175	164	8.000000e-07
	175	165	8.000000e-07
	175	166	8.000000e-07
	175	167	8.000000e-07
	175	168	8.000000e-07
	175	169	8.000000e-07
	175	170	8.000000e-07
	175	171	8.000000e-07
	175	172	8.000000e-07
	175	173	8.000000e-07
	175	174	8.000000e-07
	175	175	8.000000e-07
	175	176	8.000000e-07
	175	177	8.000000e-07
	175	178	8.000000e-07
	175	179	8.000000e-07
	175	180	8.000000e-07
	175	181	8.000000e-07
	175	182	8.000000e-07
	175	183	8.000000e-07
	175	184	8.000000e-07
	175	185	8.000000e-07
	175	186	8.000000e-07
	175	187	8.000000e-07
	175	188	8.000000e-07
	175	189	8.000000e-07
	175	190	8.000000e-07
	175	191	8.000000e-07
	176	161	8.000000e-07
	176	162	8.000000e-07
	176	163	8.000000e-07
	176	164	8.000000e-07
	176	165	8.000000e-07
	176	166	8.000000e-07
	176	167	8.000000e-07
	176	168	8.000000e-07
	176	169	8.000000e-07
	176	170	8.000000e-07
	176	171	8.000000e-07
	176	172	8.000000e-07
	176	173	8.000000e-07
	176	174	8.000000e-07
	176	175	8.000000e-07
	176	176	8.000000e-07
	176	177	8.000000e-07
	176	178	8.000000e-07
	176	179	8.000000e-07
	176	180	8.000000e-07
	176	181	8.000000e-07
	176	182	8.000000e-07
	176	183	8.000000e-07
	176	184	8.000000e-07
	176	185	8.000000e-07
	176	186	8.000000e-07
	176	187	8.000000e-07
	176	188	8.000000e-07
	176	189	8.000000e-07
	176	190	8.000000e-07
	176	191	8.000000e-07
	177	161	8.000000e-07
	177	162	8.000000e-07
	177	163	8.000000e-07
	177	164	8.000000e-07
	177	165	8.000000e-07
	177	166	8.000000e-07
	177	167	8.000000e-07
	177	168	8.000000e-07
	177	169	8.000000e-07
	177	170	8.000000e-07
	177	171	8.000000e-07
	177	172	8.000000e-07
	177	173	8.000000e-07
	177	174	8.000000e-07
	177	175	8.000000e-07
	177	176	8.000000e-07
	177	177	8.000000e-07
	177	178	8.000000e-07
	177	179	8.000000e-07
	177	180	8.000000e-07
	177	181	8.000000e-07
	177	182	8.000000e-07
	177	183	8.000000e-07
	177	184	8.000000e-07
	177	185	8.000000e-07
	177	186	8.000000e-07
	177	187	8.000000e-07
	177	188	8.000000e-07
	177	189	8.000000e-07
	177	190	8.000000e-07
	177	191	8.000000e-07
	178	161	8.000000e-07
	178	162	8.000000e-07
	178	163	8.000000e-07
	178	164	8.000000e-07
	178	165	8.000000e-07
	178	166	8.000000e-07
	178	167	8.000000e-07
	178	168	8.000000e-07
	178	169	8.000000e-07
	178	170	8.000000e-07
	178	171	8.000000e-07
	178	172	8.000000e-07
	178	173	8.000000e-07
	178	174	8.000000e-07
	178	175	8.000000e-07
	178	176	8.000000e-07
	178	177	8.000000e-07
	178	178	8.000000e-07
	178	179	8.000000e-07
	178	180	8.000000e-07
	178	181	8.000000e-07
	178	182	8.000000e-07
	178	183	8.000000e-07
	178	184	8.000000e-07
	178	185	8.000000e-07
	178	186	8.000000e-07
	178	187	8.000000e-07
	178	188	8.000000e-07
	178	189	8.000000e-07
	178	190	8.000000e-07
	178	191	8.000000e-07
	179	161	8.000000e-07
	179	162	8.000000e-07
	179	163	8.000000e-07
	179	164	8.000000e-07
	179	165	8.000000e-07
	179	166	8.000000e-07
	179	167	8.000000e-07
	179	168	8.000000e-07
	179	169	8.000000e-07
	179	170	8.000000e-07
	179	171	8.000000e-07
	179	172	8.000000e-07
	179	173	8.000000e-07
	179	174	8.000000e-07
	179	175	8.000000e-07
	179	176	8.000000e-07
	179	177	8.000000e-07
	179	178	8.000000e-07
	179	179	8.000000e-07
	179	180	8.000000e-07
	179	181	8.000000e-07
	179	182	8.000000e-07
	179	183	8.000000e-07
	179	184	8.000000e-07
	179	185	8.000000e-07
	179	186	8.000000e-07
	179	187	8.000000e-07
	179	188	8.000000e-07
	179	189	8.000000e-07
	179	190	8.000000e-07
	179	191	8.000000e-07
	180	161	8.000000e-07
	180	162	8.000000e-07
	180	163	8.000000e-07
	180	164	8.000000e-07
	180	165	8.000000e-07
	180	166	8.000000e-07
	180	167	8.000000e-07
	180	168	8.000000e-07
	180	169	8.000000e-07
	180	170	8.000000e-07
	180	171	8.000000e-07
	180	172	8.000000e-07
	180	173	8.000000e-07
	180	174	8.000000e-07
	180	175	8.000000e-07
	180	176	8.000000e-07
	180	177	8.000000e-07
	180	178	8.000000e-07
	180	179	8.000000e-07
	180	180	8.000000e-07
	180	181	8.000000e-07
	180	182	8.000000e-07
	180	183	8.000000e-07
	180	184	8.000000e-07
	180	185	8.000000e-07
	180	186	8.000000e-07
	180	187	8.000000e-07
	180	188	8.000000e-07
	180	189	8.000000e-07
	180	190	8.000000e-07
	180	191	8.000000e-07
	181	161	8.000000e-07
	181	162	8.000000e-07
	181	163	8.000000e-07
	181	164	8.000000e-07
	181	165	8.000000e-07
	181	166	8.000000e-07
	181	167	8.000000e-07
	181	168	8.000000e-07
	181	169	8.000000e-07
	181	170	8.000000e-07
	181	171	8.000000e-07
	181	172	8.000000e-07
	181	173	8.000000e-07
	181	174	8.000000e-07
	181	175	8.000000e-07
	181	176	8.000000e-07
	181	177	8.000000e-07
	181	178	8.000000e-07
	181	179	8.000000e-07
	181	180	8.000000e-07
	181	181	8.000000e-07
	181	182	8.000000e-07
	181	183	8.000000e-07
	181	184	8.000000e-07
	181	185	8.000000e-07
	181	186	8.000000e-07
	181	187	8.000000e-07
	181	188	8.000000e-07
	181	189	8.000000e-07
	181	190	8.000000e-07
	181	191	8.000000e-07
	182	162	8.000000e-07
	182	163	8.000000e-07
	182	164	8.000000e-07
	182	165	8.000000e-07
	182	166	8.000000e-07
	182	167	8.000000e-07
	182	168	8.000000e-07
	182	169	8.000000e-07
	182	170	8.000000e-07
	182	171	8.000000e-07
	182	172	8.000000e-07
	182	173	8.000000e-07
	182	174	8.000000e-07
	182	175	8.000000e-07
	182	176	8.000000e-07
	182	177	8.000000e-07
	182	178	8.000000e-07
	182	179	8.000000e-07
	182	180	8.000000e-07
	182	181	8.000000e-07
	182	182	8.000000e-07
	182	183	8.000000e-07
	182	184	8.000000e-07
	182	185	8.000000e-07
	182	186	8.000000e-07
	182	187	8.000000e-07
	182	188	8.000000e-07
	182	189	8.000000e-07
	182	190	8.000000e-07
	183	162	8.000000e-07
	183	163	8.000000e-07
	183	164	8.000000e-07
	183	165	8.000000e-07
	183	166	8.000000e-07
	183	167	8.000000e-07
	183	168	8.000000e-07
	183	169	8.000000e-07
	183	170	8.000000e-07
	183	171	8.000000e-07
	183	172	8.000000e-07
	183	173	8.000000e-07
	183	174	8.000000e-07
	183	175	8.000000e-07
	183	176	8.000000e-07
	183	177	8.000000e-07
	183	178	8.000000e-07
	183	179	8.000000e-07
	183	180	8.000000e-07
	183	181	8.000000e-07
	183	182	8.000000e-07
	183	183	8.000000e-07
	183	184	8.000000e-07
	183	185	8.000000e-07
	183	186	8.000000e-07
	183	187	8.000000e-07
	183	188	8.000000e-07
	183	189	8.000000e-07
	183	190	8.000000e-07
	184	163	8.000000e-07
	184	164	8.000000e-07
	184	165	8.000000e-07
	184	166	8.000000e-07
	184	167	8.000000e-07
	184	168	8.000000e-07
	184	169	8.000000e-07
	184	170	8.000000e-07
	184	171	8.000000e-07
	184	172	8.000000e-07
	184	173	8.000000e-07
	184	174	8.000000e-07
	184	175	8.000000e-07
	184	176	8.000000e-07
	184	177	8.000000e-07
	184	178	8.000000e-07
	184	179	8.000000e-07
	184	180	8.000000e-07
	184	181	8.000000e-07
	184	182	8.000000e-07
	184	183	8.000000e-07
	184	184	8.000000e-07
	184	185	8.000000e-07
	184	186	8.000000e-07
	184	187	8.000000e-07
	184	188	8.000000e-07
	184	189	8.000000e-07
	185	163	8.000000e-07
	185	164	8.000000e-07
	185	165	8.000000e-07
	185	166	8.000000e-07
	185	167	8.000000e-07
	185	168	8.000000e-07
	185	169	8.000000e-07
	185	170	8.000000e-07
	185	171	8.000000e-07
	185	172	8.000000e-07
	185	173	8.000000e-07
	185	174	8.000000e-07
	185	175	8.000000e-07
	185	176	8.000000e-07
	185	177	8.000000e-07
	185	178	8.000000e-07
	185	179	8.000000e-07
	185	180	8.000000e-07
	185	181	8.000000e-07
	185	182	8.000000e-07
	185	183	8.000000e-07
	185	184	8.000000e-07
	185	185	8.000000e-07
	185	186	8.000000e-07
	185	187	8.000000e-07
	185	188	8.000000e-07
	185	189	8.000000e-07
	186	164	8.000000e-07
	186	165	8.000000e-07
	186	166	8.000000e-07
	186	167	8.000000e-07
	186	168	8.000000e-07
	186	169	8.000000e-07
	186	170	8.000000e-07
	186	171	8.000000e-07
	186	172	8.000000e-07
	186	173	8.000000e-07
	186	174	8.000000e-07
	186	175	8.000000e-07
	186	176	8.000000e-07
	186	177	8.000000e-07
	186	178	8.000000e-07
	186	179	8.000000e-07
	186	180	8.000000e-07
	186	181	8.000000e-07
	186	182	8.000000e-07
	186	183	8.000000e-07
	186	184	8.000000e-07
	186	185	8.000000e-07
	186	186	8.000000e-07
	186	187	8.000000e-07
	186	188	8.000000e-07
	187	165	8.000000e-07
	187	166	8.000000e-07
	187	167	8.000000e-07
	187	168	8.000000e-07
	187	169	8.000000e-07
	187	170	8.000000e-07
	187	171	8.000000e-07
	187	172	8.000000e-07
	187	173	8.000000e-07
	187	174	8.000000e-07
	187	175	8.000000e-07
	187	176	8.000000e-07
	187	177	8.000000e-07
	187	178	8.000000e-07
	187	179	8.000000e-07
	187	180	8.000000e-07
	187	181	8.000000e-07
	187	182	8.000000e-07
	187	183	8.000000e-07
	187	184	8.000000e-07
	187	185	8.000000e-07
	187	186	8.000000e-07
	187	187	8.000000e-07
	188	166	8.000000e-07
	188	167	8.000000e-07
	188	168	8.000000e-07
	188	169	8.000000e-07
	188	170	8.000000e-07
	188	171	8.000000e-07
	188	172	8.000000e-07
	188	173	8.000000e-07
	188	174	8.000000e-07
	188	175	8.000000e-07
	188	176	8.000000e-07
	188	177	8.000000e-07
	188	178	8.000000e-07
	188	179	8.000000e-07
	188	180	8.000000e-07
	188	181	8.000000e-07
	188	182	8.000000e-07
	188	183	8.000000e-07
	188	184	8.000000e-07
	188	185	8.000000e-07
	188	186	8.000000e-07
	189	167	8.000000e-07
	189	168	8.000000e-07
	189	169	8.000000e-07
	189	170	8.000000e-07
	189	171	8.000000e-07
	189	172	8.000000e-07
	189	173	8.000000e-07
	189	174	8.000000e-07
	189	175	8.000000e-07
	189	176	8.000000e-07
	189	177	8.000000e-07
	189	178	8.000000e-07
	189	179	8.000000e-07
	189	180	8.000000e-07
	189	181	8.000000e-07
	189	182	8.000000e-07
	189	183	8.000000e-07
	189	184	8.000000e-07
	189	185	8.000000e-07
	190	169	8.000000e-07
	190	170	8.000000e-07
	190	171	8.000000e-07
	190	172	8.000000e-07
	190	173	8.000000e-07
	190	174	8.000000e-07
	190	175	8.000000e-07
	190	176	8.000000e-07
	190	177	8.000000e-07
	190	178	8.000000e-07
	190	179	8.000000e-07
	190	180	8.000000e-07
	190	181	8.000000e-07
	190	182	8.000000e-07
	190	183	8.000000e-07
	191	171	8.000000e-07
	191	172	8.000000e-07
	191	173	8.000000e-07
	191	174	8.000000e-07
	191	175	8.000000e-07
	191	176	8.000000e-07
	191	177	8.000000e-07
	191	178	8.000000e-07
	191	179	8.000000e-07
	191	180	8.000000e-07
	191	181	8.000000e-07
